(100, 512) -- 0.365772
(500, 512) -- 1.730102
(1000, 512) -- 3.165982
(1500, 512) -- 5.155773
(2000, 512) -- 6.897255
(2500, 512) -- 7.931756
(3000, 512) -- 9.403726
(3500, 512) -- 12.107214
(4000, 512) -- 14.292233
(4500, 512) -- 15.025391
(5000, 512) -- 16.173903
(5500, 512) -- 18.354816
(6000, 512) -- 19.963125
(6500, 512) -- 22.042879
(7000, 512) -- 22.927807
(100, 512) -- 0.341708
(500, 512) -- 1.559237
(1000, 512) -- 3.015394
(1500, 512) -- 4.768676
(2000, 512) -- 6.260578
(2500, 512) -- 7.578735
(3000, 512) -- 10.59836
(3500, 512) -- 11.287558
(4000, 512) -- 12.645831
(4500, 512) -- 14.247206
(5000, 512) -- 16.423633
(5500, 512) -- 18.141847
(6000, 512) -- 19.902629
(6500, 512) -- 21.830924
(7000, 512) -- 22.189352
(1000, 360) -- 2.147077
(10000, 360) -- 21.644827
(20000, 360) -- 45.887373
(30000, 360) -- 65.842169
(40000, 360) -- 91.691119
(50000, 360) -- 107.995885
(60000, 360) -- 131.435259
(70000, 360) -- 148.28368
(80000, 360) -- 171.714027
(90000, 360) -- 187.567219
(100000, 360) -- 221.882518
(100, 360) -- 0.237651
