(10, 3) -- 0.00076
(100, 360) -- 1.699557
(1000, 360) -- 23.99616
(2000, 360) -- 58.8275
(4000, 360) -- 165.36813
(6000, 360) -- 252.751288
(8000, 360) -- 405.494006
(10000, 360) -- 503.612347
(12000, 360) -- 693.846958
(14000, 360) -- 1021.884867
(16000, 360) -- 1807.44654
(500, 10) -- 0.084687
(500, 10) -- 0.076283
(500, 100) -- 2.579721
(500, 500) -- 14.807483
(500, 1000) -- 34.553408
(500, 5000) -- 412.308463
(500, 10000) -- 1341.096053
(500, 15000) -- 3355.153026
(100, 512) -- 3.349583
(1000, 512) -- 35.207291
(2000, 512) -- 90.885727
(3000, 512) -- 160.79519
(4000, 512) -- 247.296217
(5000, 512) -- 279.635759
(6000, 512) -- 338.02396
(7000, 512) -- 414.99199
(500, 10) -- 0.086003
(500, 100) -- 2.468278
(500, 1000) -- 34.052414
(500, 2000) -- 84.60277
(500, 3000) -- 161.720435
(500, 4000) -- 257.05999
(500, 5000) -- 381.211792
(500, 6000) -- 797.056832
(500, 7000) -- 807.065981
(3000, 360) -- 109.307282
(5000, 360) -- 227.52821
(7000, 360) -- 304.898557
(9000, 360) -- 493.188146
(10, 10) -- 0.003707
