(100, 360) -- 0.098409
(200, 360) -- 41.481412
(300, 360) -- 201.595168
(400, 360) -- 490.602365
(500, 360) -- 882.141952
(600, 360) -- 1647.60512
(700, 360) -- 1969.311922
(800, 360) -- 2532.434244
(900, 360) -- 3179.542408
(1000, 360) -- 4608.50768
(100, 512) -- 0.138271
(200, 512) -- 55.443787
(300, 512) -- 300.953092
(400, 512) -- 764.635369
(500, 512) -- 1661.785098
(600, 512) -- 2498.714735
(700, 512) -- 3487.694825
(500, 100) -- 161.926491
(500, 200) -- 399.281781
(500, 300) -- 562.99063
(500, 400) -- 754.837307
(500, 500) -- 860.87092
(500, 600) -- 973.866135
(500, 700) -- 1122.461211
(500, 5) -- 8.023591
(100, 10) -- 0.005415
