1583000000
1583000010
1583000020
1583000030
1583000040
1583000050
1583000060
1583000070
1583000080
1583000090
1583000100
1583000110
1583000120
1583000130
1583000140
1583000150
1583000160
1583000170
1583000180
1583000190
1583000200
1583000210
1583000220
1583000230
1583000240
1583000250
1583000260
1583000270
1583000280
1583000290
1583000300
1583000310
1583000320
1583000330
1583000340
1583000350
1583000360
1583000370
1583000380
1583000390
1583000400
1583000410
1583000420
1583000430
1583000440
1583000450
1583000460
1583000470
1583000480
1583000490
1583000500
1583000510
1583000520
1583000530
1583000540
1583000550
1583000560
1583000570
1583000580
1583000590
1583000600
1583000610
1583000620
1583000630
1583000640
1583000650
1583000660
1583000670
1583000680
1583000690
1583000700
1583000710
1583000720
1583000730
1583000740
1583000750
1583000760
1583000770
1583000780
1583000790
1583000800
1583000810
1583000820
1583000830
1583000840
1583000850
1583000860
1583000870
1583000880
1583000890
1583000900
1583000910
1583000920
1583000930
1583000940
1583000950
1583000960
1583000970
1583000980
1583000990
