(500000, 10) -- 76.615189
(500000, 20) -- 124.423091
(500000, 30) -- 168.168363
(500000, 40) -- 201.084306
(500000, 46) -- 244.04929
(500000, 10) -- 79.125849
(500000, 20) -- 124.399264
(500000, 30) -- 163.396794
(500000, 40) -- 209.687064
(500000, 46) -- 230.734419
(1000000, 10) -- 156.432645
(1000000, 20) -- 246.827323
(1000000, 30) -- 333.306623
(1000000, 40) -- 425.655287
(1000000, 46) -- 467.291118
(1000000, 30) -- 336.752663
(1500000, 30) -- 513.567434
(1500000, 10) -- 239.217737
(1500000, 20) -- 372.136526
(1500000, 40) -- 625.927231
