(300, 10) -- 5.542327
(300, 10) -- 5.361227
(10, 10) -- 0.002833
(10, 100) -- 0.01044
(10, 200) -- 0.015834
(10, 300) -- 0.025384
(10, 400) -- 0.036488
(10, 500) -- 0.038123
(10, 600) -- 0.049831
(10, 700) -- 0.047261
(10, 800) -- 0.053037
(10, 1000) -- 0.086335
(100, 10) -- 0.010478
(100, 100) -- 0.04239
(100, 200) -- 0.078282
(100, 300) -- 0.100494
(100, 400) -- 0.133686
(100, 500) -- 0.198871
(100, 600) -- 0.222004
(100, 700) -- 0.266332
(100, 800) -- 0.281157
(100, 1000) -- 0.309162
(200, 10) -- 1.317223
(200, 100) -- 11.858958
(200, 200) -- 25.59054
(200, 300) -- 36.061765
(200, 400) -- 46.537405
(200, 500) -- 59.536552
(200, 600) -- 71.748937
(200, 700) -- 94.45941
(200, 800) -- 94.412726
(200, 1000) -- 116.449293
(300, 10) -- 5.450767
(300, 100) -- 57.005184
(300, 200) -- 119.38639
(300, 300) -- 201.859053
(300, 400) -- 250.677277
(300, 500) -- 287.002335
(300, 600) -- 349.730127
(300, 700) -- 407.488685
(300, 800) -- 505.742214
(300, 1000) -- 579.448078
(400, 10) -- 11.833084
(400, 100) -- 136.23629
(400, 200) -- 260.504556
(400, 300) -- 384.408656
(400, 400) -- 509.924638
(400, 500) -- 641.300576
(400, 600) -- 769.277894
(400, 700) -- 904.018564
(400, 800) -- 1025.506265
(400, 1000) -- 1321.806129
