(10, 10) -- 0.002627
(5, 46) -- 0.003557
(100, 46) -- 0.032708
(1000, 46) -- 0.345171
(10000, 46) -- 3.440761
(25000, 46) -- 8.960857
(50000, 46) -- 18.399443
(75000, 46) -- 27.445377
(100000, 46) -- 40.730409
(250000, 46) -- 91.001242
(500000, 46) -- 202.347133
(750000, 46) -- 284.04022
(1000000, 46) -- 382.038469
(10, 46) -- 0.006196
(100, 360) -- 0.248203
(1000, 360) -- 2.561702
(10000, 360) -- 25.596863
(20000, 360) -- 52.717201
(30000, 360) -- 84.90177
(40000, 360) -- 114.001066
(50000, 360) -- 145.93662
(60000, 360) -- 184.739025
(70000, 360) -- 214.821809
(80000, 360) -- 245.017305
(90000, 360) -- 277.648442
(100000, 360) -- 293.048386
(100, 360) -- 0.242824
(1000, 360) -- 78.678934
(10000, 360) -- 1088.332846
(20000, 360) -- 2180.977948
(500, 360) -- 22.984173
(5000, 360) -- 522.442855
(15000, 360) -- 1645.077214
(30000, 360) -- 3278.25171
(100, 512) -- 0.717788
(500, 512) -- 3.519889
(1000, 512) -- 7.010331
(1500, 512) -- 10.847089
(2000, 512) -- 14.150261
(2500, 512) -- 17.765006
(3000, 512) -- 21.621319
(3500, 512) -- 24.987155
(4000, 512) -- 28.023543
(4500, 512) -- 33.061409
(5000, 512) -- 36.067874
(5500, 512) -- 39.715317
(6000, 512) -- 42.98967
(6500, 512) -- 45.339718
(7000, 512) -- 49.652613
(500, 10) -- 0.09919
(500, 100) -- 0.754928
(500, 500) -- 3.919118
(500, 1000) -- 7.402772
(500, 5000) -- 37.801026
(500, 10000) -- 76.190838
(500, 15000) -- 114.612326
(2205, 100) -- 3.348407
(2205, 500) -- 16.175809
(2205, 1000) -- 33.002379
(2205, 5000) -- 170.240746
(2205, 10000) -- 341.023055
(2205, 15000) -- 525.260381
(2205, 20000) -- 669.610726
(1000000, 46) -- 736.63979
(100, 46) -- 0.066764
(1000, 46) -- 0.700632
(10000, 46) -- 6.685031
(25000, 46) -- 16.970155
(50000, 46) -- 34.47277
(75000, 46) -- 52.388999
(100000, 46) -- 70.523636
(250000, 46) -- 189.407209
(500000, 46) -- 355.844667
(750000, 46) -- 554.541371
(10, 46) -- 0.006873
(100, 100) -- 0.15919
