(3000, 512) -- 8.465483
(3500, 512) -- 9.493127
(4000, 512) -- 11.01789
(4500, 512) -- 12.248286
(5000, 512) -- 14.037998
(5500, 512) -- 14.767079
(6000, 512) -- 15.993674
(6500, 512) -- 17.15396
(7000, 512) -- 18.452174
(100, 360) -- 0.251176
(1000, 360) -- 2.327109
(10000, 360) -- 23.460168
(20000, 360) -- 49.475611
(30000, 360) -- 65.571634
(40000, 360) -- 108.647074
(50000, 360) -- 113.328861
(60000, 360) -- 167.22965
(70000, 360) -- 156.566228
(80000, 360) -- 173.521481
(90000, 360) -- 252.501765
(100000, 360) -- 273.043904
(10, 360) -- 0.039074
(10, 10) -- 0.01953
(10, 7) -- 0.006079
(10, 7) -- 0.006386
(10, 7) -- 0.006349
(100, 93) -- 0.160964
(500, 93) -- 3.204937
(1000, 93) -- 12.52704
(5000, 93) -- 310.106569
(10000, 93) -- 1527.841294
(15000, 93) -- 2730.895939
(20000, 93) -- 4759.961935
(25000, 93) -- 8058.629252
(100, 201) -- 0.213447
(500, 201) -- 3.618879
(1000, 201) -- 13.321786
(5000, 201) -- 402.084662
(10000, 201) -- 1279.092563
(15000, 201) -- 3011.619856
(20000, 201) -- 5118.061491
(100, 721) -- 0.383421
(500, 721) -- 4.818798
(1000, 721) -- 16.236512
(5000, 721) -- 376.834285
(10000, 721) -- 1544.59784
(15000, 721) -- 3253.024278
(100, 1025) -- 0.472107
(500, 1025) -- 5.687636
(1000, 1025) -- 19.302068
(1500, 1025) -- 37.72485
(2000, 1025) -- 67.819084
(2500, 1025) -- 101.632835
(3000, 1025) -- 148.362329
(3500, 1025) -- 196.475812
(1000, 201) -- 12.915632
(1000, 1001) -- 19.847046
(1000, 2001) -- 21.770257
(1000, 10001) -- 136.413699
(1000, 201) -- 13.709972
(1000, 1001) -- 17.547923
(1000, 2001) -- 21.735441
(1000, 10001) -- 121.591079
(1000, 201) -- 13.804114
(1000, 1001) -- 17.609284
(1000, 2001) -- 21.728002
(1000, 10001) -- 140.14136
(1000, 201) -- 15.81526
(1000, 1001) -- 19.858109
(1000, 2001) -- 22.089899
(1000, 10001) -- 137.303946
(1000, 201) -- 16.963333
(1000, 1001) -- 17.900881
(1000, 2001) -- 22.087079
(1000, 10001) -- 137.66318
(1000, 201) -- 15.279651
(1000, 1001) -- 17.310102
(1000, 2001) -- 22.408111
(1000, 10001) -- 137.756195
(1000, 10001) -- 136.561766
(1000, 20001) -- 179.307703
(1000, 30001) -- 255.870339
(1000, 40001) -- 311.618349
(1000, 50001) -- 384.668304
