5.63
5.63
5.75
5.75
5.75
10.091000000000001
11.879999999999999
5.88
5.75
5.75
11.75
11.75
5.75
5.75
5.75
5.75
5.75
5.75
5.75
5.75
5.75
5.63
11.629999999999999
17.63
11.629999999999999
5.63
5.63
5.75
5.75
5.75
5.63
11.629999999999999
11.5
5.5
5.63
5.63
5.63
5.75
5.75
5.75
5.75
5.75
5.75
5.75
5.75
5.75
5.75
5.88
5.75
5.75
5.75
5.75
5.75
5.75
5.75
5.75
11.75
11.75
5.75
5.75
5.75
5.63
5.75
5.75
5.75
5.75
5.75
5.75
5.75
5.75
5.75
5.75
5.75
5.88
5.88
5.88
5.88
5.88
5.75
5.75
5.75
5.75
5.88
11.879999999999999
11.75
5.75
5.75
5.75
5.75
5.75
5.75
5.75
5.75
5.75
5.75
5.75
5.75
5.75
5.88
6.13
6.13
6.0
12.0
12.129999999999999
6.13
6.13
12.129999999999999
12.129999999999999
6.13
6.13
6.0
6.0
5.88
5.88
5.88
5.75
11.75
11.75
5.75
5.75
5.75
5.63
5.63
5.63
5.75
5.75
5.75
5.63
5.63
5.75
5.75
5.75
5.63
5.5
5.5
5.5
5.5
5.5
5.5
5.5
5.5
5.38
5.38
5.38
5.38
5.38
5.38
5.38
5.38
5.13
5.13
5.25
5.25
5.13
5.0
5.0
5.0
4.5
10.5
10.629999999999999
4.63
5.0
5.13
5.13
5.0
4.75
4.75
10.75
11.0
5.0
4.88
4.88
5.0
5.0
4.88
4.88
5.0
5.0
5.13
11.129999999999999
11.5
5.5
5.5
5.5
5.5
5.38
5.38
5.5
5.63
5.75
5.63
5.63
5.75
5.75
5.75
5.75
5.75
11.75
17.75
23.75
17.75
11.75
5.75
5.5
5.5
5.5
5.5
5.75
5.75
5.63
5.63
5.75
5.75
5.75
5.75
5.75
11.75
17.75
11.879999999999999
5.88
6.32
6.0
6.25
6.5
6.88
7.38
7.5
13.5
13.5
7.5
7.5
7.25
7.25
7.0
7.0
6.25
12.25
12.5
6.5
6.63
6.63
6.63
6.5
6.5
6.5
12.5
12.379999999999999
18.38
12.379999999999999
6.38
6.38
6.5
12.5
18.5
12.629999999999999
6.63
6.63
6.63
6.63
6.5
6.38
6.38
6.38
6.5
6.5
12.5
12.5
6.5
6.5
12.5
12.629999999999999
6.63
12.629999999999999
12.629999999999999
6.63
7.849
12.5
6.5
6.5
6.5
6.5
6.5
6.5
6.63
6.63
6.63
12.568
6.63
6.63
6.63
6.63
6.63
12.629999999999999
12.629999999999999
6.63
6.63
6.63
12.629999999999999
12.629999999999999
6.63
6.63
12.629999999999999
12.629999999999999
6.63
6.75
6.75
6.75
6.88
6.75
6.75
6.75
6.75
6.75
12.75
12.629999999999999
6.63
6.63
6.63
6.63
6.63
6.5
6.5
6.5
6.5
6.5
6.5
6.63
6.63
6.63
6.63
6.63
6.63
6.63
6.63
6.63
6.63
6.63
6.63
6.63
6.63
6.63
12.629999999999999
18.63
12.629999999999999
6.63
6.63
6.63
6.63
6.75
6.88
6.88
7.0
7.0
7.0
7.0
7.0
7.0
6.88
6.88
6.75
12.75
12.629999999999999
6.683999999999999
12.629999999999999
6.63
6.63
6.63
6.63
6.63
6.63
6.75
6.88
6.88
12.666
12.75
18.75
12.75
6.75
6.63
6.75
10.587
12.629999999999999
6.63
6.63
6.63
6.63
6.75
6.75
6.75
6.63
6.63
10.646
12.629999999999999
18.63
12.629999999999999
6.629999999999999
6.5
6.5
6.38
6.38
6.38
6.38
6.5
12.5
12.5
6.5
6.5
12.197
6.5
6.5
6.38
6.38
6.38
6.38
6.38
6.38
6.38
6.5
6.5
6.38
6.38
6.5
6.5
6.38
6.38
6.38
6.38
6.38
7.5920000000000005
12.5
6.5
6.38
12.379999999999999
12.5
6.5
6.5
6.63
6.75
6.75
6.75
6.75
6.75
6.75
6.63
6.63
6.88
6.75
6.75
6.75
6.88
6.88
6.5
6.5
6.5
6.63
6.63
6.63
6.63
6.63
6.75
6.75
6.88
6.88
6.88
7.0
7.0
7.0
7.0
7.5
7.75
7.88
7.88
7.88
7.88
8.0
8.0
8.0
8.13
8.13
14.13
14.5
8.5
8.5
8.63
8.63
8.63
8.63
8.63
8.63
8.5
8.38
8.0
8.0
7.5
7.5
7.38
7.25
7.13
13.129999999999999
13.0
7.0
7.0
7.0
7.0
7.0
7.0
7.0
7.0
7.0
6.88
6.88
6.88
6.88
6.88
6.88
6.88
6.88
6.88
6.88
6.88
6.88
12.879999999999999
12.879999999999999
6.88
6.88
6.88
12.879999999999999
18.88
12.879999999999999
6.879999999999999
6.75
12.75
12.75
6.75
6.75
6.75
6.75
6.63
6.75
12.75
12.75
6.75
6.88
10.736
12.75
6.75
6.88
6.88
6.75
6.75
6.75
6.75
6.63
6.63
6.63
6.63
6.75
6.75
6.75
6.75
6.75
6.75
12.75
12.75
6.75
6.75
6.63
6.63
6.75
12.75
12.75
6.75
6.75
10.968
12.629999999999999
18.63
12.75
6.75
6.75
6.75
6.75
6.75
6.75
6.75
6.75
12.75
12.629999999999999
6.63
6.5
6.5
6.38
6.38
6.5
6.63
6.5
6.5
6.38
6.38
12.379999999999999
12.5
6.5
6.5
6.5
6.38
6.38
6.63
6.75
6.75
6.75
6.88
6.88
6.88
6.88
7.0
7.0
7.0
7.0
7.13
7.13
7.13
7.25
7.38
7.5
7.5
7.5
7.5
7.63
7.88
8.0
8.13
8.13
8.25
8.13
13.143
13.879999999999999
7.88
7.88
7.88
8.0
8.25
8.25
8.25
8.25
9.441
14.25
8.25
8.25
8.0
8.13
8.13
14.13
20.130000000000003
14.130000000000003
8.130000000000003
14.130000000000003
13.75
7.75
13.75
13.879999999999999
7.88
7.88
7.88
7.88
7.88
7.88
7.88
7.88
7.88
7.88
7.75
7.75
7.75
7.75
13.75
13.629999999999999
7.63
7.63
13.629999999999999
13.5
7.5
7.75
13.75
19.75
25.75
19.75
13.75
8.25
8.25
8.25
8.25
8.25
8.38
8.38
8.38
8.38
8.5
13.84
14.63
8.63
14.63
14.5
8.5
8.5
8.38
8.5
8.63
8.63
14.63
14.5
8.5
8.5
8.5
8.38
8.38
8.38
8.5
8.5
8.25
8.0
8.0
8.13
8.13
8.25
8.25
8.38
8.38
8.38
8.38
8.38
8.5
8.75
9.0
9.13
9.25
9.25
9.13
9.13
9.13
9.38
9.63
9.63
9.75
9.75
9.63
9.75
9.88
9.88
10.0
10.5
10.75
10.75
10.88
10.88
10.88
11.13
11.13
11.13
11.25
11.38
11.63
11.75
11.75
17.75
18.130000000000003
12.130000000000003
12.25
12.13
12.13
18.130000000000003
16.130000000000003
10.130000000000003
10.0
10.0
10.25
10.13
10.13
10.25
10.38
16.380000000000003
17.25
11.25
11.25
11.25
17.25
18.0
12.0
12.0
11.88
11.88
11.63
11.5
11.5
11.63
11.63
17.630000000000003
17.130000000000003
11.130000000000003
11.0
11.0
11.0
11.0
10.88
10.88
11.0
11.0
11.0
11.5
11.5
11.38
11.0
11.0
17.0
17.25
11.25
11.25
11.25
11.25
11.13
11.13
11.25
11.13
11.13
11.0
11.0
11.0
11.13
11.0
11.0
11.0
11.0
11.13
11.25
11.25
11.13
11.13
11.13
11.25
11.25
11.38
16.493
17.380000000000003
11.380000000000003
11.5
11.5
11.5
11.38
11.5
11.5
11.63
11.75
11.75
11.75
11.75
11.63
11.63
11.5
17.5
18.130000000000003
12.130000000000003
18.130000000000003
18.630000000000003
12.630000000000003
12.88
13.13
13.13
13.38
13.38
13.38
13.5
13.63
13.75
13.75
13.75
14.0
14.25
11.634
14.38
14.63
14.63
14.38
14.38
14.0
14.0
14.0
14.0
13.88
13.88
13.5
13.38
12.63
12.25
13.081
12.13
12.38
12.38
12.5
12.63
12.63
12.63
12.63
12.75
12.88
13.0
13.0
13.13
13.13
13.13
13.13
13.13
13.38
13.38
13.38
13.38
13.25
13.13
13.0
13.0
13.0
13.0
12.88
12.88
12.63
12.75
12.88
12.75
12.75
12.75
12.88
12.88
12.75
13.0
13.0
13.0
12.88
12.88
12.88
12.88
12.88
18.880000000000003
21.141
15.141
12.75
12.63
11.955
6.130000000000001
12.13
12.13
11.63
11.63
11.5
11.5
11.5
12.0
11.808
12.5
12.63
12.63
12.63
12.63
12.5
12.5
12.38
12.63
12.63
18.630000000000003
18.630000000000003
12.630000000000003
12.5
18.5
18.5
12.5
12.63
12.63
12.38
12.38
18.380000000000003
18.25
12.25
12.25
12.38
12.38
12.88
18.880000000000003
19.380000000000003
13.380000000000003
13.38
13.63
13.75
14.0
14.13
14.25
14.38
14.5
14.63
14.75
15.38
15.38
15.25
10.043
14.88
14.88
14.75
14.5
14.5
20.5
20.380000000000003
26.380000000000003
20.380000000000003
14.380000000000003
20.380000000000003
20.380000000000003
14.380000000000003
14.25
14.25
14.25
14.25
14.13
14.13
14.13
13.88
13.88
19.880000000000003
19.75
13.75
19.75
19.5
13.5
13.5
13.38
13.38
13.63
13.75
13.75
13.88
19.880000000000003
20.0
14.0
14.0
14.0
14.0
14.25
14.25
14.38
14.5
14.38
14.38
14.38
14.38
14.38
14.38
14.38
14.38
14.5
14.63
14.75
14.88
15.0
15.0
15.0
15.0
15.0
15.0
21.0
21.130000000000003
15.130000000000003
15.13
15.13
15.13
15.13
15.0
15.13
15.25
15.25
15.25
15.25
15.38
15.38
21.380000000000003
21.5
15.5
15.38
18.63
15.38
15.5
15.75
15.88
15.88
16.0
16.12
16.37
16.37
16.5
22.5
28.5
22.5
16.5
16.12
16.12
16.12
16.12
16.12
16.12
16.25
16.25
16.5
16.5
16.5
22.5
28.5
22.62
16.62
16.75
22.75
23.37
17.37
17.12
17.12
17.12
17.12
17.25
17.25
17.25
17.12
17.12
17.0
17.0
17.0
16.75
16.5
16.5
16.5
16.62
22.62
22.5
16.5
22.5
22.0
16.0
16.12
16.12
16.12
16.12
15.88
15.5
15.0
14.88
14.88
15.25
16.0
16.37
16.37
16.37
16.37
16.5
16.62
17.0
16.87
14.397
11.5
17.5
17.5
16.87
16.75
16.62
16.62
16.37
16.62
16.87
16.87
16.75
17.12
17.12
17.25
17.25
17.5
17.75
17.87
17.87
18.0
18.12
18.37
18.5
18.62
18.87
19.0
19.37
19.5
19.75
19.75
19.62
19.87
19.87
19.87
19.75
19.75
19.75
20.0
20.0
20.0
20.12
20.0
20.0
19.87
19.62
19.75
19.87
20.25
20.37
21.572
26.87
32.870000000000005
27.12
21.12
21.12
22.0
23.25
23.0
22.62
28.62
29.25
23.25
23.5
23.5
23.0
23.0
23.75
29.75
32.620000000000005
26.620000000000005
27.0
27.0
26.75
26.75
26.87
20.87
20.87
26.87
27.0
27.0
26.87
26.87
20.87
20.75
26.75
26.62
25.37
25.37
24.62
24.62
24.75
24.75
25.37
26.0
26.12
32.120000000000005
38.120000000000005
32.120000000000005
26.120000000000005
26.25
26.25
26.25
26.12
20.12
20.62
26.62
26.62
26.62
26.5
26.37
26.37
26.37
26.0
26.37
26.62
26.5
26.12
26.25
32.25
32.370000000000005
26.370000000000005
32.370000000000005
32.25
26.25
26.37
26.37
26.37
26.25
26.25
26.25
26.25
32.25
32.120000000000005
26.120000000000005
26.0
26.0
32.0
32.25
26.25
26.25
26.12
26.12
26.12
26.37
26.5
26.5
26.75
26.87
27.0
26.605
21.25
27.25
27.25
32.76
33.120000000000005
27.120000000000005
27.12
27.12
27.25
27.25
27.12
27.25
27.37
27.5
27.87
28.25
28.75
28.75
28.75
28.75
28.75
29.75
31.0
31.75
31.87
30.87
29.62
29.75
29.75
29.75
29.75
29.75
28.87
28.87
28.87
28.87
28.62
28.5
27.62
27.62
27.62
27.5
27.5
27.62
27.62
27.37
27.12
27.12
27.12
27.12
26.75
26.62
26.5
32.5
32.0
26.0
25.5
19.5
19.37
25.37
31.37
33.120000000000005
27.120000000000005
33.120000000000005
39.120000000000005
33.75
27.75
27.87
27.87
27.75
33.154
27.75
27.62
27.62
27.75
27.75
27.75
27.87
27.87
27.87
28.0
34.0
33.620000000000005
27.620000000000005
27.62
27.62
27.62
27.62
27.62
27.5
27.5
27.37
27.37
27.25
27.12
27.0
27.0
26.75
26.75
26.5
25.75
25.5
24.5
30.5
29.25
23.25
22.87
22.87
22.62
22.75
22.75
22.75
22.75
27.676
22.25
22.25
22.25
22.62
22.87
22.87
22.87
22.87
28.87
29.37
23.37
23.5
23.75
24.12
25.12
25.37
25.5
25.25
25.12
25.0
25.0
25.0
25.0
25.0
31.0
31.0
25.0
22.808
18.75
24.75
24.75
24.75
30.75
30.25
24.25
23.436
22.003
28.003
34.003
29.87
23.87
23.62
23.25
29.25
29.87
23.87
24.25
24.25
24.25
24.0
24.0
24.12
24.25
24.75
24.75
24.75
24.75
24.62
24.0
24.0
24.0
24.25
24.87
24.62
24.37
24.37
24.25
24.12
23.75
23.75
23.62
29.62
29.5
23.5
23.5
23.75
24.0
24.0
24.0
24.0
23.75
23.75
23.5
29.5
30.25
24.25
24.75
24.75
24.75
25.0
25.0
25.0
25.0
25.0
25.0
31.0
30.87
24.87
24.87
25.12
25.12
25.0
24.87
30.87
30.75
24.75
24.75
24.75
24.75
24.75
24.75
24.62
24.5
24.37
18.461
18.37
24.37
24.37
22.648
24.37
24.37
24.25
24.25
24.5
24.5
24.75
22.812
24.75
24.75
24.62
24.62
24.62
24.87
24.75
24.75
24.75
24.75
25.12
25.12
25.5
25.5
25.5
25.5
25.5
25.5
25.5
25.75
24.951
19.62
25.62
31.62
29.75
23.75
23.37
21.5
20.75
20.75
20.5
19.62
19.0
18.87
18.87
18.12
18.5
18.62
18.62
19.0
20.62
20.75
20.87
20.87
21.25
21.5
15.5
16.37
22.37
22.37
22.25
22.0
28.0
27.62
21.62
21.62
21.62
21.62
22.0
22.0
22.0
22.0
22.0
21.62
21.5
21.25
20.75
20.37
26.37
26.75
20.75
20.75
20.62
20.62
20.37
20.37
20.37
20.37
20.37
20.37
20.12
20.12
20.0
20.0
20.12
20.12
19.87
25.87
25.62
19.62
19.37
19.12
19.12
19.12
19.12
25.12
25.37
19.37
19.37
19.37
19.25
19.25
19.25
19.25
19.12
18.75
19.0
19.0
19.0
19.0
19.0
19.0
19.37
19.62
19.75
19.75
19.62
19.62
19.62
19.62
25.62
25.5
19.5
19.5
19.5
20.725
25.5
19.5
19.75
19.75
25.75
26.12
20.12
20.12
20.12
20.12
19.87
19.75
19.5
19.5
19.37
19.25
19.25
19.25
19.0
19.0
19.0
25.0
24.25
18.25
18.0
18.0
17.5
17.0
16.75
16.75
16.62
16.5
14.575
16.37
16.5
16.5
16.37
16.37
16.37
16.37
16.37
16.12
15.88
15.75
15.75
15.75
15.5
15.25
15.0
21.0
21.0
15.0
14.25
14.0
13.88
19.880000000000003
25.880000000000003
19.880000000000003
13.880000000000003
14.38
14.38
14.5
15.13
15.13
15.38
20.69
16.87
17.0
17.0
17.25
16.37
15.75
15.38
14.88
14.88
14.88
18.123
14.88
14.88
14.88
14.25
14.25
20.25
20.380000000000003
14.380000000000003
14.38
12.132
8.38
14.38
14.38
14.13
14.0
14.0
14.13
14.13
14.25
14.5
14.63
14.5
14.25
14.25
14.25
14.25
14.25
14.13
14.13
14.25
14.25
14.25
14.25
14.25
14.25
14.13
14.0
14.13
14.13
13.88
19.880000000000003
19.880000000000003
13.880000000000003
8.044
13.88
13.88
13.88
13.88
13.88
13.88
13.88
19.880000000000003
20.0
14.0
14.0
14.0
13.88
13.88
13.88
13.88
13.88
13.88
13.88
13.88
13.88
19.880000000000003
20.380000000000003
14.380000000000003
14.38
14.63
14.75
20.75
20.75
14.75
14.75
14.75
14.75
14.75
14.75
15.0
15.0
15.25
15.38
15.38
15.38
15.38
15.38
15.5
15.5
15.38
15.13
15.13
15.13
15.13
15.13
15.13
15.13
15.38
15.5
15.75
15.88
15.88
15.88
15.88
15.75
15.5
15.5
15.5
15.5
15.5
15.5
15.5
15.5
15.38
15.38
15.38
15.38
15.38
15.38
15.5
15.75
15.88
21.880000000000003
21.25
15.25
15.38
15.38
15.13
15.13
15.13
15.13
15.0
14.75
14.75
14.75
14.63
14.5
20.5
20.5
14.5
20.5
20.5
14.5
14.5
14.5
14.5
14.5
14.5
14.5
14.38
14.38
20.380000000000003
20.25
14.25
14.25
14.13
14.13
14.13
14.13
20.130000000000003
19.25
13.25
13.25
13.25
13.25
13.38
19.380000000000003
19.380000000000003
25.380000000000003
19.380000000000003
13.380000000000003
13.5
19.5
19.5
25.5
19.5
13.5
13.5
13.5
13.38
13.38
13.38
13.38
13.38
13.38
13.25
19.25
19.380000000000003
13.380000000000003
13.25
13.25
13.25
13.25
19.25
19.380000000000003
13.380000000000003
19.380000000000003
19.380000000000003
13.380000000000003
13.25
13.25
13.25
13.25
13.25
19.25
19.25
13.25
13.25
13.25
13.13
13.13
13.13
13.13
13.0
19.0
25.0
19.0
13.0
13.0
13.0
13.0
13.38
13.5
13.5
13.5
13.5
13.5
13.5
13.5
13.5
13.5
13.5
13.5
13.25
12.88
18.880000000000003
19.0
13.0
13.0
19.0
18.75
12.75
12.63
12.75
7.726
12.75
12.75
12.75
12.75
12.63
12.63
12.75
12.75
12.75
12.75
18.75
18.880000000000003
12.880000000000003
12.88
12.88
12.88
18.880000000000003
19.130000000000003
13.130000000000003
13.13
13.13
13.13
13.38
13.5
13.75
13.75
19.75
20.130000000000003
14.130000000000003
14.13
20.130000000000003
20.380000000000003
14.380000000000003
20.380000000000003
19.872999999999998
13.873
14.75
14.63
14.88
14.88
14.88
14.88
14.88
14.88
14.88
20.880000000000003
20.130000000000003
26.130000000000003
20.130000000000003
14.130000000000003
14.13
20.130000000000003
20.130000000000003
14.130000000000003
14.0
14.0
14.0
20.0
20.380000000000003
14.380000000000003
14.38
14.38
14.5
14.5
14.5
14.5
14.25
13.88
14.0
14.0
14.0
14.0
14.25
14.25
14.5
14.63
14.63
14.63
14.88
15.0
14.88
14.88
14.88
14.88
14.88
14.88
14.75
14.63
14.63
14.63
14.63
14.63
14.75
14.75
14.75
14.75
14.88
15.0
15.0
15.0
14.75
14.0
14.13
14.38
14.38
14.38
14.38
14.38
14.5
14.5
14.63
14.75
14.75
14.75
14.75
14.75
14.75
14.75
14.75
20.75
20.75
14.75
15.0
15.13
15.38
15.38
15.25
15.13
15.13
15.13
15.13
21.130000000000003
21.0
15.0
14.88
14.88
15.0
15.0
15.0
14.88
14.88
14.88
14.63
14.63
14.63
14.63
14.5
13.88
14.0
14.13
13.88
13.88
13.75
13.75
13.75
13.75
13.75
13.75
13.75
13.88
13.63
13.5
13.25
13.25
13.0
13.0
13.0
12.88
12.88
18.880000000000003
18.75
12.75
12.75
13.0
13.0
13.0
12.75
12.75
12.5
18.5
18.25
12.25
12.13
12.13
12.13
12.13
12.13
12.13
12.13
12.13
12.25
12.25
12.25
12.25
12.63
12.63
12.75
12.75
13.0
13.13
13.13
13.13
13.25
13.25
13.25
19.25
19.25
13.25
13.13
14.332
19.130000000000003
13.130000000000003
13.13
13.13
13.13
13.13
13.13
16.853
12.75
12.75
12.75
12.75
12.63
12.63
12.5
12.13
12.13
13.097
12.0
12.0
12.0
12.0
12.25
12.25
12.25
12.25
12.5
12.5
12.63
12.75
12.75
12.88
12.88
12.88
13.0
13.0
13.0
13.0
13.25
13.63
13.88
19.099
14.0
14.0
14.25
14.25
14.25
14.25
14.75
15.25
15.25
15.25
15.25
15.25
15.25
21.25
20.880000000000003
14.880000000000003
14.63
14.38
14.25
14.25
14.5
14.63
14.63
14.63
14.63
14.63
14.63
14.5
14.5
14.5
16.476
20.630000000000003
14.630000000000003
14.75
14.75
14.75
14.63
14.63
14.63
14.63
14.5
20.5
20.130000000000003
14.130000000000003
14.25
14.38
14.88
20.880000000000003
21.380000000000003
15.380000000000003
15.38
15.38
15.25
15.25
15.13
15.13
15.13
21.130000000000003
21.130000000000003
15.130000000000003
15.13
15.13
15.0
15.0
15.0
15.0
14.75
14.75
14.88
14.88
15.38
15.75
21.75
21.75
15.75
15.75
16.0
16.12
16.75
16.75
16.87
17.0
17.0
16.87
16.87
16.87
17.0
17.0
17.0
17.0
17.0
17.75
13.543
17.62
17.62
23.62
23.62
17.62
17.62
17.62
17.62
17.62
17.0
17.0
23.0
23.12
17.12
17.12
17.25
17.25
17.37
17.37
17.37
17.37
17.87
17.87
22.016
24.25
18.25
18.25
18.25
14.524
18.0
18.0
17.87
17.75
17.75
17.75
17.25
16.37
16.37
16.37
16.62
16.62
16.62
22.62
22.62
16.62
16.37
16.37
16.25
16.25
16.25
16.25
16.25
16.25
16.25
16.25
16.37
16.37
16.62
16.62
16.5
16.5
16.5
16.5
16.5
22.5
22.5
28.5
22.5
16.5
16.37
16.37
16.25
22.25
22.25
16.25
16.25
16.25
16.25
16.25
16.62
16.62
16.62
16.62
16.75
16.75
16.75
16.75
22.75
22.62
16.62
16.62
16.5
13.603
19.603
22.37
16.37
16.37
16.37
22.37
22.37
28.37
22.37
16.37
14.88
14.88
14.88
20.880000000000003
21.0
15.0
21.0
21.0
15.0
15.0
15.0
14.88
20.880000000000003
20.880000000000003
26.880000000000003
20.880000000000003
14.880000000000003
14.88
14.63
14.63
14.75
14.75
15.0
15.0
15.75
15.75
15.88
15.88
15.75
15.75
16.0
16.0
16.0
16.0
16.12
16.5
16.5
16.5
16.62
16.62
16.87
17.0
16.75
16.62
16.5
16.5
16.62
16.62
16.5
16.5
16.25
16.25
16.0
16.0
16.0
16.0
16.0
16.0
22.0
21.75
15.75
15.75
15.63
15.63
15.5
15.5
15.5
15.5
15.5
15.5
15.5
10.932
15.5
15.5
15.5
15.5
15.5
15.5
15.5
15.5
15.75
15.88
15.88
15.88
15.88
21.880000000000003
21.380000000000003
15.380000000000003
15.63
16.25
16.62
17.0
16.87
16.87
16.87
16.87
16.75
16.62
16.75
22.75
22.62
16.62
16.62
16.62
16.62
16.62
16.37
16.37
16.37
16.37
21.001
16.37
16.37
16.37
16.37
22.37
22.0
16.0
16.12
16.12
16.12
16.12
16.12
16.12
16.0
16.0
16.0
16.0
16.0
16.0
22.0
21.880000000000003
15.880000000000003
15.88
15.88
15.88
15.5
15.25
21.25
20.880000000000003
14.880000000000003
14.88
15.0
15.13
15.13
15.13
15.25
12.918
9.63
15.63
21.630000000000003
21.75
15.75
15.75
15.75
15.75
15.75
15.75
16.0
16.0
16.0
16.0
16.0
16.0
16.12
16.12
16.12
16.12
16.12
16.12
16.37
16.37
16.62
16.75
16.75
16.75
16.75
16.75
16.87
17.62
17.37
17.37
17.62
17.62
20.52
24.0
18.0
18.0
18.25
18.37
18.37
18.37
18.25
18.25
21.286
24.0
18.0
18.0
18.25
18.37
18.25
18.25
18.25
18.25
18.37
18.37
18.62
19.25
19.25
19.12
25.12
24.62
18.62
18.62
18.5
18.37
18.37
18.37
24.37
24.0
18.0
12.0
17.75
17.75
17.75
17.75
17.37
17.37
17.0
17.0
17.12
17.12
17.12
17.12
17.37
17.37
17.62
17.62
17.87
17.87
17.62
17.62
17.5
17.5
17.5
17.5
17.5
17.5
17.62
17.62
17.5
17.5
17.5
17.5
17.75
17.75
17.75
17.75
17.5
17.5
17.5
17.5
17.25
17.25
17.25
16.976
17.37
17.5
17.5
17.5
17.62
17.62
18.0
18.25
17.75
17.62
17.5
17.5
17.37
17.37
17.62
17.62
17.62
17.62
23.62
23.5
17.5
17.12
17.25
17.25
23.25
23.37
17.37
17.25
17.25
17.25
17.25
17.25
17.25
17.25
17.87
17.87
17.87
17.87
17.87
17.87
18.12
18.12
18.37
18.37
18.37
18.37
18.37
18.37
18.37
18.37
18.25
18.25
18.37
24.37
30.37
24.37
30.37
24.37
18.37
18.25
18.25
18.25
18.25
18.25
18.25
18.25
18.25
18.25
18.12
18.12
18.25
18.25
18.25
18.0
18.0
18.0
18.0
18.0
18.0
18.0
17.87
23.87
23.75
17.75
17.75
17.75
17.62
17.62
17.62
23.62
23.62
17.62
17.62
17.62
17.62
17.5
17.5
17.5
18.12
18.12
18.12
18.12
18.0
18.0
18.12
18.12
18.25
18.25
18.37
18.37
18.37
18.37
24.37
24.87
18.87
18.87
18.87
18.87
18.87
18.87
24.87
25.75
19.75
20.0
20.12
20.12
20.0
20.0
19.87
19.87
19.87
19.87
23.227
29.227
25.87
19.87
19.87
19.75
25.75
25.75
19.75
25.75
26.0
20.0
20.0
20.12
20.25
20.87
21.12
21.5
21.75
21.75
21.75
21.75
21.75
21.75
21.75
27.75
27.37
21.37
21.37
22.0
28.0
28.62
22.62
22.62
22.5
28.5
28.5
22.5
22.25
22.0
21.87
21.87
21.87
21.87
21.87
21.87
21.87
21.87
21.75
21.75
21.75
21.75
21.62
21.62
21.62
27.62
28.37
22.37
22.12
21.87
22.0
22.0
21.87
21.87
27.87
27.87
21.87
22.12
22.75
22.75
17.063
23.0
23.0
23.0
23.0
23.0
23.25
23.37
23.62
23.62
24.0
24.75
24.75
24.75
25.12
25.25
25.0
19.0
18.75
24.75
30.5
24.5
24.37
24.37
26.137999999999998
31.25
25.25
25.25
19.25
20.75
26.75
32.620000000000005
26.620000000000005
26.5
27.62
28.25
22.25
22.5
28.5
28.5
34.5
35.120000000000005
29.120000000000005
35.120000000000005
36.0
30.0
29.75
29.5
29.25
29.12
29.5
30.25
30.25
30.25
30.25
29.5
30.0
30.5
30.75
30.75
30.5
30.5
30.25
30.25
29.75
29.75
30.0
30.0
30.75
31.0
30.75
30.25
30.0
29.5
28.5
27.25
21.25
20.0
26.0
32.0
32.0
26.0
26.25
32.25
38.25
32.25
26.25
26.5
26.75
26.87
27.5
27.5
27.5
27.5
26.75
26.5
25.75
25.0
24.75
24.25
24.0
24.0
24.0
24.0
27.0
27.62
28.25
29.0
28.75
28.75
28.75
28.75
34.61
28.87
28.75
28.75
28.5
28.5
28.5
28.5
28.5
28.5
28.5
28.5
28.75
29.0
29.0
29.5
29.37
29.12
29.12
29.12
29.5
35.5
35.620000000000005
29.620000000000005
29.62
29.62
29.62
29.62
29.37
29.37
29.12
29.12
29.0
28.87
22.87
21.5
27.5
27.5
26.5
25.75
25.75
25.75
26.0
26.0
26.0
26.0
26.0
26.0
26.0
26.783
32.0
26.0
32.0
32.0
26.0
26.0
26.0
26.0
24.931
30.931
32.5
26.5
27.0
27.0
27.37
28.0
28.25
28.25
28.75
28.87
29.37
30.0
30.25
30.25
29.75
29.75
29.75
29.37
29.25
29.25
29.5
29.5
29.25
29.25
29.25
29.25
29.0
28.75
28.5
28.25
28.0
27.75
28.0
28.12
27.87
27.75
28.12
28.62
28.62
28.75
29.75
30.5
30.5
36.5
37.370000000000005
31.370000000000005
31.62
32.0
32.0
32.0
31.75
31.75
31.75
31.75
31.5
37.5
37.5
31.5
30.5
36.5
36.25
30.25
30.25
30.25
30.0
30.0
30.0
29.75
30.0
30.25
35.885
37.5
31.5
31.5
32.5
32.5
32.75
32.88
32.75
32.75
32.5
32.38
32.38
32.38
32.75
32.75
32.75
32.75
32.75
32.75
32.75
38.75
38.0
32.0
32.0
32.0
31.25
31.0
29.62
29.25
30.165
29.75
29.62
29.62
29.62
29.25
29.25
29.25
29.25
29.37
29.37
29.37
35.370000000000005
35.25
29.25
29.25
29.25
33.802
29.75
29.75
29.75
29.75
29.5
29.5
29.62
29.62
30.25
30.75
30.75
30.5
34.0
34.0
33.75
32.88
33.13
33.38
33.75
33.75
33.75
33.75
34.13
34.5
34.5
34.25
34.25
40.25
40.25
34.25
35.25
35.25
35.25
35.0
35.0
35.0
35.25
41.25
41.38
35.38
29.5
35.5
35.25
33.596000000000004
29.0
35.0
35.0
35.0
35.0
35.0
34.75
34.5
34.25
40.25
40.0
34.0
34.63
34.88
28.880000000000003
29.0
35.0
35.5
35.5
35.5
36.75
37.25
37.25
37.25
37.5
37.5
38.13
38.25
38.25
44.045
38.5
38.5
39.0
39.5
39.5
39.25
39.5
39.5
39.75
39.75
33.75
32.0
38.0
38.13
38.38
38.38
38.38
38.88
38.88
38.88
39.0
39.0
39.5
39.5
39.5
39.5
39.5
39.5
39.5
39.5
39.25
39.0
38.88
38.88
38.63
38.5
38.75
38.75
38.88
38.88
39.13
39.25
42.183
45.25
39.25
39.25
39.25
39.13
39.0
39.0
38.75
38.75
38.38
38.13
37.38
37.13
37.13
37.13
36.5
36.25
36.25
36.25
36.0
35.75
41.75
41.5
35.5
35.5
35.5
35.5
35.5
35.5
35.5
35.5
35.5
35.5
35.5
35.5
35.25
35.25
35.25
35.25
34.015
29.75
35.75
29.75
29.880000000000003
35.88
36.0
36.38
36.75
37.25
37.5
31.5
32.13
38.13
38.13
38.13
44.13
44.13
50.13
44.5
38.5
38.63
39.5
39.75
39.75
40.0
40.5
40.63
46.63
46.38
40.38
34.646
40.646
39.63
39.63
39.63
39.63
39.63
45.63
45.75
39.75
45.75
45.75
39.75
39.5
45.013
39.013
33.013
38.88
38.88
38.63
38.63
38.25
38.0
44.0
43.25
37.25
37.25
37.25
37.25
37.25
37.25
37.25
37.25
37.75
38.25
38.25
38.25
38.63
38.75
38.75
38.75
38.75
38.75
39.0
39.0
39.0
39.0
39.25
39.25
39.25
39.25
39.25
39.25
38.88
38.75
32.75
32.5
38.5
38.25
38.25
38.25
38.0
38.0
38.0
37.88
38.13
38.38
44.38
44.13
38.13
38.13
38.13
38.13
38.13
38.13
38.13
32.13
32.63
38.63
44.63
45.75
39.75
40.5
41.0
41.25
41.88
36.533
30.533
36.533
42.533
36.533
30.533
36.533
42.533
45.75
51.75
52.0
46.0
40.0
46.0
46.0
44.25
44.25
44.25
44.25
44.25
44.25
44.75
44.75
50.75
51.5
45.5
45.5
45.75
45.5
45.25
45.25
45.13
44.13
43.88
37.88
36.0
42.0
41.5
40.5
42.25
42.25
42.0
42.0
42.0
42.0
42.75
36.75
38.75
44.75
44.75
44.75
38.75
40.0
46.0
46.0
46.0
46.0
46.0
52.0
52.0
46.0
46.25
46.5
46.5
46.5
46.5
46.5
46.25
51.601
46.0
46.0
45.25
45.25
39.25
38.5
44.5
44.25
44.25
44.25
44.25
44.25
44.5
44.5
44.5
44.5
44.0
44.0
44.0
44.0
44.0
44.0
44.0
44.0
44.25
44.75
45.75
45.5
46.25
44.5
44.0
48.952
43.5
43.5
42.75
42.75
42.25
47.965
47.25
41.25
35.25
40.13
39.5
39.13
39.5
33.5
33.63
39.63
39.88
39.88
39.5
39.5
39.25
39.75
40.25
41.25
41.75
42.0
48.0
47.38
41.38
41.38
41.0
41.0
41.0
41.0
41.0
41.0
41.25
41.25
35.25
35.25
41.25
41.0
41.25
41.25
41.0
40.75
41.25
41.75
42.0
42.0
42.25
48.25
49.13
43.13
42.75
48.75
49.63
43.63
44.0
44.0
45.0
45.13
44.88
44.88
44.5
44.0
43.75
44.0
44.0
44.0
44.0
44.0
50.0
49.88
43.88
37.88
43.0
42.25
42.25
42.25
41.75
41.13
40.88
40.88
40.63
40.63
40.5
46.5
46.13
40.13
42.182
45.0
51.0
45.0
39.0
39.25
39.38
39.0
45.0
46.5
40.5
46.5
47.13
41.13
40.75
40.5
46.5
46.5
40.5
34.5
34.5
40.5
40.5
40.5
40.25
40.88
41.13
41.38
41.0
40.63
40.88
41.13
40.75
40.75
41.0
41.0
41.5
41.5
41.5
41.5
41.5
41.5
35.5
34.75
40.75
40.75
40.88
41.0
42.0
42.25
42.63
41.88
41.88
42.287
42.0
42.0
42.0
42.0
42.0
42.0
42.25
42.25
38.275
36.63
42.63
42.63
44.63
45.0
45.0
51.0
52.63
46.63
40.63
42.0
48.0
48.0
42.0
42.63
48.63
48.63
49.0
48.75
48.38
48.38
48.75
48.75
48.25
48.25
48.25
48.25
48.25
48.25
48.0
48.0
48.0
48.0
48.0
48.0
47.63
47.88
47.5
47.5
47.5
47.5
47.0
47.0
41.438
46.13
45.75
45.75
51.75
52.5
46.5
46.5
46.5
46.5
46.5
46.5
46.13
46.13
46.5
46.63
46.63
46.63
47.0
46.88
40.88
40.63
46.63
52.25
46.25
46.25
45.88
45.88
45.88
47.307
52.0
46.0
46.38
46.38
46.0
46.0
46.0
46.0
46.0
46.0
40.0
39.13
45.13
45.13
39.13
39.13
45.13
51.13
51.63
45.63
45.63
45.88
45.5
45.13
39.13
39.25
33.25
39.25
45.25
45.63
46.25
46.63
40.63
41.75
47.75
53.75
47.75
43.25
49.25
49.25
49.63
50.13
49.75
49.75
49.75
49.75
51.5
50.2
45.75
51.75
52.0
52.0
52.0
52.0
52.0
52.0
51.63
51.25
51.63
51.63
51.25
51.25
57.25
56.13
50.13
50.13
53.914
56.0
50.0
50.25
50.5
50.75
50.75
50.75
56.75
56.25
50.25
49.88
50.25
49.75
49.38
49.0
48.63
48.63
48.63
48.63
48.25
50.94
48.892
53.88
47.88
47.88
47.88
47.88
47.88
47.88
47.5
46.75
43.738
46.63
52.63
53.75
47.75
47.75
48.88
49.63
49.38
50.0
50.0
50.0
50.0
50.0
47.641
44.0
50.0
50.0
50.0
49.63
48.75
48.75
48.75
48.75
48.38
48.38
48.75
49.13
48.75
48.75
48.75
51.903
54.75
48.75
48.75
48.75
49.0
43.0
45.25
39.25
45.25
51.25
52.38
52.38
46.38
47.25
53.25
53.63
53.63
53.63
53.63
59.63
53.63
47.63
53.13
53.13
54.0
54.0
48.0
42.0
48.0
54.0
55.0
55.5
55.5
55.5
49.5
49.5
55.5
55.5
55.5
55.5
55.5
55.5
55.5
55.5
55.0
61.0
60.0
54.0
54.0
54.0
54.0
54.0
53.75
53.75
53.5
53.13
57.302
57.75
51.75
51.75
51.75
51.75
51.75
51.75
51.75
51.75
52.0
52.25
51.88
51.88
52.25
52.25
51.88
51.88
51.88
52.63
52.63
52.63
52.63
52.63
52.13
51.5
51.0
51.0
51.5
52.5
52.0
52.38
52.38
46.38
46.5
52.5
52.0
47.725
46.0
52.0
53.0
53.25
53.25
53.25
59.25
58.75
52.75
52.75
53.0
53.0
53.0
53.0
47.0
41.0
47.0
53.0
47.0
48.0
54.0
54.0
54.0
58.260999999999996
60.0
54.0
53.63
54.75
53.308
49.5
43.5
49.5
55.5
55.5
55.5
55.5
55.0
55.0
55.0
59.808
55.0
55.0
55.0
55.0
55.0
55.0
55.0
55.0
57.872
55.0
55.75
55.75
55.63
61.63
61.63
55.63
55.63
55.63
55.38
54.88
54.88
54.88
54.38
53.315
48.38
54.38
54.38
54.38
54.38
54.38
54.0
54.88
54.88
54.88
54.88
54.88
54.88
54.88
55.38
55.38
55.38
55.75
55.75
55.75
55.88
55.88
49.88
49.75
55.75
55.75
55.25
61.25
60.88
54.88
54.88
54.88
55.13
55.13
55.0
55.0
54.0
53.5
53.0
53.0
53.0
47.0
45.25
51.25
50.5
50.5
50.5
50.5
50.5
50.5
44.5
43.0
37.0
42.5
48.5
48.5
48.5
48.5
48.5
54.5
54.5
48.5
48.5
48.5
48.0
47.75
47.25
41.25
35.25
40.25
46.25
44.75
44.25
43.0
37.0
37.0
43.0
41.25
41.25
41.25
41.75
41.75
41.75
41.75
41.75
42.409
41.75
41.5
41.75
41.5
41.75
41.75
42.13
41.75
35.75
36.0
42.0
42.0
42.0
42.0
42.0
42.0
42.75
43.25
44.25
44.5
46.0
46.0
40.0
37.25
43.25
43.0
43.506
48.25
42.25
42.0
41.5
41.25
40.0
39.5
40.75
42.0
42.25
42.25
36.25
34.5
40.5
40.88
40.5
40.5
40.0
39.0
39.5
40.63
41.13
41.63
42.13
42.13
36.13
39.228
45.228
42.13
42.63
42.63
42.13
42.13
41.63
35.63
35.5
35.944
35.5
41.5
41.5
41.5
41.0
41.0
41.0
41.0
41.0
41.0
41.5
41.5
42.0
43.0
43.25
43.13
44.25
44.0
44.0
44.0
44.0
50.0
48.5
49.852
49.0
43.0
43.0
43.0
41.88
41.75
39.622
40.0
40.0
40.25
39.75
39.25
38.63
38.88
38.88
38.88
39.0
39.0
39.0
33.851
33.5
39.5
39.5
39.5
39.0
39.5
39.25
39.25
39.25
39.25
39.25
39.25
39.75
39.88
40.0
40.0
41.13
41.0
47.0
47.0
41.0
41.0
41.0
43.11
37.11
33.25
39.25
39.25
39.13
39.13
38.63
38.63
38.63
38.63
38.63
38.63
38.63
38.63
44.63
45.75
39.75
39.75
39.75
39.75
39.75
39.75
39.75
39.75
39.75
39.75
39.25
39.25
38.75
38.75
39.0
39.0
45.0
44.88
38.88
33.146
39.13
39.13
38.63
38.63
39.0
39.0
39.0
33.0
34.25
40.25
40.38
40.88
40.63
34.63
40.63
46.63
41.75
41.75
42.0
42.5
43.5
44.0
43.0
43.0
42.5
41.25
47.25
47.25
41.25
41.25
40.75
40.75
40.63
46.63
52.63
46.63
40.63
40.63
41.63
41.75
42.25
42.75
42.38
42.38
42.38
42.38
41.88
41.38
40.38
39.38
38.88
38.88
39.38
39.38
39.5
38.75
44.75
38.75
33.25
39.25
40.376
38.75
38.75
38.75
38.75
38.75
39.0
39.25
45.25
44.0
38.0
37.63
37.88
37.63
37.63
43.63
37.63
32.0
38.0
38.0
37.63
37.38
37.38
37.38
37.0
37.0
36.5
36.51
42.51
37.0
36.5
36.5
36.5
34.998
36.25
36.25
35.75
41.75
40.88
34.88
34.38
40.38
46.38
41.5
35.5
35.5
35.0
34.5
34.75
35.25
39.308
41.707
35.707
29.707
35.0
35.5
33.5
33.5
33.5
33.5
33.5
33.5
33.5
33.5
32.75
32.75
32.75
32.75
32.75
32.75
32.38
33.0
33.5
33.5
33.5
33.5
33.0
32.25
32.25
32.25
32.25
32.25
32.25
32.25
32.25
32.25
32.25
32.25
32.25
32.25
31.75
32.75
32.75
32.75
33.0
33.5
33.88
33.88
34.0
34.0
34.5
34.5
34.0
33.5
39.5
40.0
34.0
34.0
34.5
34.5
34.0
34.0
40.0
38.25
32.25
26.25
31.75
31.75
32.25
32.75
32.0
32.5
32.5
32.5
32.0
32.0
32.0
32.0
33.0
33.0
33.5
33.5
33.5
33.5
34.0
35.0
35.0
35.0
35.5
36.13
36.25
36.75
36.25
37.0
38.88
40.0
40.75
41.0
42.0
42.0
41.75
43.25
44.0
42.0
42.5
42.5
42.0
42.75
42.75
42.75
42.75
42.75
41.5
41.0
40.5
39.25
39.25
39.25
39.5
40.0
40.0
40.0
40.25
40.75
41.5
41.0
41.5
41.5
41.0
41.0
41.0
41.0
41.0
41.0
41.0
41.0
41.0
41.0
41.0
41.0
41.0
41.0
40.25
40.25
39.75
38.75
38.25
37.75
37.5
43.5
44.5
38.5
39.25
45.25
44.75
38.75
38.75
38.75
38.75
38.75
38.75
42.528
44.75
38.75
38.25
44.25
44.5
38.5
38.5
38.5
39.0
39.0
36.08
41.0
42.88
36.88
39.38
45.38
46.5
46.63
46.5
47.0
46.75
46.75
46.0
44.75
44.25
44.25
44.75
44.75
38.75
38.0
44.0
50.0
49.0
43.0
42.0
41.0
41.0
41.0
47.0
53.0
47.25
41.25
40.75
40.75
40.75
40.75
40.75
40.75
39.25
38.88
38.88
38.88
38.0
37.5
37.5
37.5
37.5
37.5
38.0
39.0
39.0
39.0
38.75
38.75
39.25
45.25
45.25
39.25
33.25
38.75
39.25
39.0
38.5
38.5
38.5
38.5
39.0
39.0
39.0
39.0
38.5
39.25
41.0
41.5
43.0
43.0
43.5
43.5
37.5
37.0
31.0
36.75
42.75
43.0
42.75
42.75
42.88
44.75
45.25
45.5
45.75
45.75
39.75
39.25
45.25
51.0
45.0
39.0
39.63
45.63
45.63
45.63
45.63
45.63
51.63
57.63
51.63
45.63
45.5
45.5
39.5
38.5
44.5
44.0
44.0
44.0
44.0
44.0
44.0
44.0
44.0
44.0
41.94
38.5
42.396
38.38
44.38
44.38
44.5
43.88
44.38
44.38
44.0
44.0
38.0
44.0
50.0
44.0
44.0
44.0
42.5
42.75
42.75
44.869
48.75
42.75
41.302
36.0
42.0
42.0
42.5
43.0
41.5
41.0
40.75
40.25
40.25
40.25
34.25
34.75
40.75
40.75
40.75
40.75
39.75
39.75
39.75
39.75
39.75
39.75
39.75
39.75
39.75
39.75
39.5
39.0
39.0
39.0
38.5
38.5
37.5
37.5
37.0
36.5
36.361000000000004
33.0
39.0
39.5
40.0
41.25
40.75
40.75
40.75
40.75
40.25
40.25
40.25
40.25
40.25
40.25
39.75
39.75
45.75
47.25
41.25
40.88
41.38
41.38
40.88
40.5
40.5
40.5
40.0
40.0
40.75
40.75
41.5
47.5
48.75
42.75
42.25
42.88
43.75
43.75
44.25
45.5
39.5
38.5
44.5
44.0
44.5
44.25
44.25
38.25
38.0
44.0
50.0
44.0
44.0
44.0
44.0
44.0
44.0
44.38
44.5
38.5
39.38
45.38
45.38
45.38
45.88
46.0
46.0
46.0
46.13
46.13
46.0
46.0
45.5
45.5
45.5
45.5
45.5
45.5
45.5
45.5
45.0
45.0
45.0
45.0
45.0
45.0
44.5
44.5
44.5
44.5
38.5
38.5
44.5
44.5
44.0
43.5
43.0
43.0
43.0
43.0
43.5
44.0
44.5
44.5
43.88
43.88
43.5
43.5
42.039
48.039
48.0
42.0
36.0
40.5
46.5
47.0
41.0
41.0
42.25
42.25
42.5
42.5
42.88
42.88
36.88
42.88
47.0
41.0
41.0
41.0
41.0
41.0
40.5
39.0
39.5
39.63
45.63
48.0
42.0
42.0
42.0
42.0
43.034
42.5
42.5
42.5
42.0
36.0
35.5
41.5
41.5
47.5
47.0
53.0
49.0
43.0
43.0
43.0
43.0
43.0
43.25
43.5
45.0
45.0
45.0
45.0
45.5
51.5
52.0
46.0
45.5
45.5
45.5
45.5
45.5
45.5
45.5
51.5
51.5
45.5
45.0
44.5
43.75
43.25
43.25
46.895
43.25
43.599
49.0
43.0
45.25
45.25
45.25
45.25
47.25
47.25
53.25
47.25
43.25
49.25
50.0
50.0
51.5
51.75
45.75
44.0
50.0
55.5
49.5
49.5
48.75
48.25
54.25
50.0
44.0
44.63
44.38
43.5
43.5
43.5
44.0
44.0
50.0
50.5
44.5
44.5
44.5
44.5
44.0
44.0
44.5
44.75
44.25
44.25
44.25
44.25
44.75
45.25
46.0
46.0
46.5
46.5
47.0
47.0
48.0
48.5
48.5
48.5
48.5
42.5
42.5
48.5
49.0
53.779
49.0
49.0
49.5
49.5
49.0
49.0
48.5
48.5
48.25
48.25
48.25
48.25
48.25
48.25
48.25
48.25
42.25
41.75
47.75
47.5
47.0
47.0
53.0
53.0
47.0
47.0
41.0
40.5
46.5
46.5
46.5
46.5
47.0
47.0
47.0
46.5
52.5
58.5
52.5
46.5
46.0
46.0
46.63
46.63
47.5
48.0
48.5
48.5
48.5
48.5
48.13
48.63
48.63
48.63
48.13
48.13
48.13
48.13
54.13
54.13
48.13
54.13
54.63
48.63
48.63
48.63
48.63
48.63
48.0
48.0
48.0
48.0
47.75
47.75
48.25
49.0
49.0
49.0
48.5
48.5
48.5
48.5
48.0
48.0
47.5
45.5
46.0
46.0
45.5
45.5
45.5
45.5
45.0
45.0
44.38
43.0
49.0
47.75
41.75
41.75
35.75
29.75
35.75
41.75
47.75
47.75
43.054
47.75
41.75
37.529
41.75
41.75
43.575
46.0
40.0
39.63
40.969
39.63
40.5
40.5
41.0
41.0
41.75
41.75
42.75
42.75
43.75
43.75
43.75
43.75
43.25
43.25
45.0
45.0
46.63
47.13
46.88
46.88
47.5
47.5
47.25
47.25
47.0
47.0
47.0
47.0
47.0
47.0
47.0
47.0
42.293
47.0
47.0
47.0
47.0
47.0
47.0
47.0
47.0
47.0
47.0
47.0
47.5
47.5
47.5
47.5
47.5
47.5
47.0
47.0
47.0
47.0
46.25
45.75
46.25
45.25
45.25
45.25
51.25
51.25
45.25
45.25
45.25
45.25
45.25
45.25
45.25
45.25
47.0
50.0
56.0
55.0
49.0
48.5
47.5
47.0
47.0
47.0
46.25
45.75
46.5
46.5
46.5
46.5
46.5
49.392
43.392
40.5
46.5
46.5
46.5
46.5
46.5
46.5
40.827
40.0
46.0
46.0
45.5
45.5
44.75
44.25
43.75
43.75
43.63
37.63
43.63
47.5
53.5
47.5
41.5
42.0
42.75
42.75
42.75
48.75
49.88
43.88
44.63
45.0
46.13
50.665
47.5
41.5
41.5
47.5
47.5
47.5
48.13
48.13
48.63
49.13
49.63
49.63
49.63
49.63
43.63
43.0
49.0
43.0
43.0
49.0
43.0
43.0
49.0
49.0
49.0
49.0
49.5
50.0
50.0
50.0
50.0
50.0
50.0
50.0
48.88
49.0
49.0
49.0
49.0
49.0
49.0
49.0
49.0
49.0
49.63
50.13
50.13
50.13
50.0
50.0
54.005
56.0
50.0
50.0
44.0
44.0
50.0
50.0
50.0
45.634
49.969
44.0
50.0
50.0
56.0
50.0
44.0
49.5
49.0
49.0
49.5
50.0
48.88
48.88
48.88
48.88
48.88
48.88
48.38
48.38
48.38
48.38
48.38
48.38
48.75
48.75
49.25
49.25
43.25
44.0
50.0
56.0
51.38
52.0
52.5
53.0
47.0
45.5
51.5
57.5
55.5
58.30800000000001
57.0
51.0
51.88
52.0
53.25
54.25
53.75
53.5
53.5
53.5
53.5
53.5
56.491
59.5
53.5
53.5
53.5
53.5
54.0
54.0
53.5
53.5
53.0
53.0
54.0
54.0
54.5
54.5
55.0
54.5
54.5
54.5
54.5
54.5
54.25
54.25
54.25
54.25
53.88
54.25
54.25
54.25
48.25
48.75
54.75
54.75
54.75
54.75
53.0
53.0
47.0
47.0
53.0
53.0
53.0
53.0
53.0
53.0
53.0
53.0
53.5
53.5
53.5
53.5
54.0
54.5
54.5
54.5
54.5
54.5
54.5
54.5
55.0
54.5
55.13
55.75
55.75
55.75
55.25
49.25
43.25
48.25
54.25
48.25
49.0
55.0
49.0
48.75
54.75
54.75
55.5
55.5
56.13
56.13
56.63
56.75
58.25
59.75
57.88
57.88
57.88
57.88
57.25
57.63
57.63
57.63
57.38
57.38
57.63
57.63
58.25
58.25
59.13
59.13
59.75
59.75
58.75
59.0
58.0
58.0
57.75
57.75
51.75
51.25
57.25
57.25
57.0
57.0
57.63
58.13
58.13
58.13
56.5
55.88
55.88
55.88
54.25
54.25
54.25
54.25
53.25
50.782
52.88
52.88
52.88
52.88
54.13
50.38
49.5
55.5
55.25
55.25
55.75
56.25
55.25
53.97
48.0
54.0
53.0
52.5
53.0
54.0
54.211
53.0
53.13
47.13
47.63
53.63
53.63
53.63
54.0
54.0
48.654
48.0
54.0
54.0
54.0
54.0
48.0
48.5
54.5
54.5
54.5
54.5
54.75
54.75
55.25
55.25
55.25
55.25
54.75
54.75
54.75
54.75
54.75
54.75
54.0
54.0
54.0
54.0
54.5
55.0
55.0
54.5
54.5
54.5
54.13
54.13
53.63
53.13
53.13
53.13
52.63
50.309
51.63
51.63
50.88
50.38
50.38
50.38
50.75
51.0
45.0
45.0
51.0
51.0
51.5
45.5
39.5
45.5
51.5
51.5
51.5
51.5
50.88
50.88
50.88
44.88
45.25
51.25
50.25
51.0
51.0
50.5
50.0
44.0
41.0
47.0
46.5
46.25
46.25
46.25
46.25
46.25
46.25
46.25
46.0
46.13
45.5
46.13
45.75
45.75
46.25
46.25
52.25
52.75
46.75
46.75
46.5
46.5
46.25
46.25
52.25
53.5
48.566
54.566
53.75
47.75
48.0
48.25
48.25
48.25
47.75
47.75
47.75
47.75
53.75
52.0
46.0
46.13
45.88
45.88
43.38
42.5
48.5
49.5
43.5
44.0
44.0
44.0
44.0
44.0
43.5
43.75
43.5
43.0
42.63
42.63
43.0
42.75
43.25
43.75
43.75
42.429
38.38
44.38
44.38
44.38
44.0
44.0
43.5
43.13
43.38
43.38
43.38
43.38
43.38
43.38
43.88
43.0
49.0
49.38
43.38
43.38
43.0
43.0
41.146
43.0
43.0
43.0
42.5
42.5
48.5
47.75
41.75
41.75
41.75
41.75
40.88
41.13
40.75
40.75
41.0
41.0
41.0
41.0
41.25
41.25
40.88
40.88
40.75
40.75
46.75
45.5
39.5
44.537
45.5
39.5
39.0
39.38
38.88
38.88
32.88
33.38
39.38
39.38
39.5
39.5
39.5
39.5
38.0
38.0
38.0
38.0
38.5
44.5
46.0
40.0
40.5
40.5
46.5
52.5
46.5
40.5
40.0
40.0
39.25
38.75
38.75
38.25
38.38
38.38
38.0
37.5
37.75
37.25
36.75
31.298
31.130000000000003
37.13
31.130000000000003
33.38
39.38
39.75
40.0
39.5
39.75
33.75
33.38
39.38
38.88
38.38
37.88
37.75
37.5
37.0
37.5
43.5
43.5
49.5
43.5
37.5
36.38
36.38
36.25
36.0
36.0
36.5
36.25
36.0
36.25
36.0
36.25
36.0
35.5
35.5
35.5
35.5
35.5
35.63
35.0
29.0
29.0
35.0
33.75
33.75
39.75
40.0
34.0
34.0
35.0
35.0
35.0
35.13
35.5
35.5
35.5
35.38
35.0
34.75
35.0
35.0
35.25
35.25
36.5
37.25
38.5
39.25
39.63
39.5
39.38
40.63
40.13
34.13
32.5
38.5
38.5
38.5
38.13
38.13
32.13
32.13
38.13
38.5
44.5
44.5
38.5
38.25
38.5
38.5
44.5
44.0
38.0
38.0
38.0
38.25
38.75
38.75
39.25
39.25
45.25
45.5
39.5
40.0
40.0
46.0
46.5
40.5
38.0
38.25
38.0
38.25
38.75
39.75
38.75
39.75
40.0
39.75
39.75
39.25
39.5
39.5
41.0
42.13
41.25
40.75
41.38
41.75
41.5
41.25
41.0
40.75
43.25
44.0
43.75
43.75
43.75
43.75
43.63
43.13
43.0
43.0
40.759
42.25
42.5
42.5
40.63
41.75
41.25
42.5
42.5
42.25
36.25
36.0
42.0
42.25
42.25
42.25
36.25
34.75
40.75
40.25
40.25
40.25
39.13
39.0
38.0
37.38
37.88
38.25
37.75
37.5
43.5
43.0
37.0
37.75
43.75
44.5
38.5
37.5
36.25
34.88
35.921
34.5
34.5
34.5
34.5
34.5
34.5
34.5
36.38
37.0
37.0
37.0
37.75
38.5
38.0
44.0
44.0
38.0
38.25
38.25
39.75
40.25
40.0
39.5
39.0
39.25
33.25
31.630000000000003
37.63
37.75
37.38
31.380000000000003
25.380000000000003
31.380000000000003
37.38
35.25
35.5
35.5
37.0
37.0
31.0
30.75
36.75
36.75
36.25
36.0
36.5
37.0
36.25
36.25
36.25
36.5
36.75
36.75
36.75
36.75
36.5
36.5
36.25
30.25
30.75
36.75
37.25
37.5
43.5
39.091
33.091
39.0
39.0
39.0
38.5
37.25
37.5
38.0
38.5
39.0
39.5
40.0
39.75
39.25
38.5
38.0
38.5
38.5
38.5
38.5
38.5
38.5
38.0
37.75
37.5
37.5
35.75
36.13
36.13
36.13
42.13
41.75
35.75
35.5
35.75
35.0
35.5
35.5
36.0
36.25
42.25
43.5
37.5
37.5
38.0
38.25
37.38
37.38
36.88
36.88
36.88
36.88
37.0
37.5
37.5
37.5
38.0
38.25
38.75
38.75
38.5
37.5
37.38
37.38
37.38
37.38
37.38
37.38
37.38
37.38
36.75
36.63
36.0
41.464
42.75
36.75
37.25
37.5
43.5
44.25
38.25
38.5
38.5
38.25
37.75
38.25
38.0
38.0
38.0
38.0
38.0
44.0
44.63
38.63
39.0
33.0
27.0
28.5
34.5
34.5
35.25
35.75
36.25
37.0
37.0
37.25
37.0
37.0
37.0
37.0
37.0
36.75
36.75
36.75
36.5
36.25
36.208
36.25
36.25
42.25
42.75
36.75
37.0
37.0
37.38
37.38
37.0
37.25
37.25
31.25
32.75
38.75
38.25
38.0
38.0
38.0
37.5
37.5
37.75
37.75
37.75
36.5
36.5
36.75
37.25
37.25
37.75
37.75
38.0
44.0
47.13
41.13
47.13
53.13
47.13
41.13
35.13
34.75
40.75
46.75
48.5
42.5
43.0
43.0
45.199
40.88
40.25
39.75
41.0
40.75
41.5
36.041
35.0
41.0
40.498
36.5
42.5
43.0
42.75
42.0
42.25
42.25
42.75
42.75
42.5
42.5
41.25
41.25
35.25
34.25
40.25
40.25
40.25
40.25
39.75
39.75
40.25
40.0
41.0
41.0
41.0
41.0
41.0
38.917
42.13
43.0
37.0
38.5
44.5
45.25
46.0
46.0
46.5
47.0
46.25
44.75
44.25
44.25
44.0
44.25
44.25
44.25
44.25
44.25
46.13
46.5
46.25
45.75
45.25
45.0
44.5
38.5
37.38
31.380000000000003
35.25
41.25
40.88
40.88
41.13
41.13
41.13
41.13
41.256
46.5
40.5
40.75
41.75
41.75
41.75
41.75
42.0
42.5
41.88
41.75
41.0
41.0
39.75
39.38
40.0
40.0
40.25
40.25
40.25
40.25
40.0
39.5
39.5
39.5
39.5
39.5
40.0
40.0
39.5
39.5
39.5
39.5
39.5
39.5
39.75
39.75
33.75
27.75
33.75
39.75
42.0
43.133
42.0
42.0
42.0
42.0
42.5
42.25
42.25
42.25
41.38
41.0
41.0
41.0
47.0
53.0
59.0
53.0
47.0
41.5
41.5
41.5
41.0
41.0
41.0
41.0
41.0
41.0
41.0
41.0
47.0
47.0
41.0
41.0
41.0
35.0
35.0
41.0
41.0
41.0
41.0
41.0
41.5
41.5
41.25
47.25
48.25
42.25
42.5
42.75
42.25
42.25
42.25
42.25
42.44
42.44
42.44
42.44
41.94
41.94
41.94
41.94
42.19
43.964
42.0
42.0
42.0
42.0
42.0
47.967
41.967
36.13
42.13
42.13
42.13
48.118
48.5
42.5
42.5
42.5
42.5
42.5
42.5
42.5
42.63
42.63
36.63
37.63
43.63
43.63
44.0
44.0
38.0
39.25
45.25
45.06
45.06
45.06
45.06
45.06
45.06
45.06
45.0
39.0
41.44
47.44
53.44
48.63
46.607
50.5
50.25
50.5
51.0
50.5
50.0
49.75
48.75
42.75
41.63
47.63
51.75
45.75
45.75
45.75
44.5
43.75
44.0
44.5
45.5
45.5
46.5
47.0
47.5
48.0
48.5
48.5
48.0
47.5
46.5
46.25
46.25
46.25
45.75
46.0
44.13
43.13
43.63
49.58
44.25
44.25
44.25
44.25
44.63
44.88
50.88
52.38
46.38
46.38
47.25
47.25
45.448
41.0
47.0
47.0
50.229
52.75
46.75
46.75
46.75
46.75
47.0
47.0
48.13
48.38
48.38
48.38
48.38
48.38
42.38
42.13
48.13
48.13
54.13
52.75
46.75
46.5
46.0
46.0
46.44
46.44
46.44
46.44
45.44
43.5
44.0
45.5
45.5
45.5
45.5
45.5
45.0
43.868
44.0
43.5
43.5
43.5
43.75
43.88
43.88
38.173
37.38
43.38
43.38
43.38
43.88
49.88
48.75
42.75
42.75
42.75
42.75
42.75
42.75
48.75
50.38
44.38
44.88
41.045
44.88
44.88
38.88
38.0
44.0
44.0
43.0
39.999
43.0
49.0
49.0
43.0
38.99
43.0
43.0
43.0
43.0
43.25
43.0
43.0
43.0
43.0
43.5
43.5
44.63
44.63
44.63
50.63
50.63
44.63
44.13
44.13
46.0
46.0
46.5
46.5
47.25
47.25
47.0
47.0
47.0
47.0
47.0
47.0
47.0
47.0
47.5
47.5
52.686
53.5
47.5
53.5
52.38
46.38
46.88
47.38
47.38
47.38
46.88
46.5
43.515
40.25
46.25
43.75
42.75
42.25
44.0
44.75
44.25
43.75
37.75
39.5
45.5
46.0
45.5
45.5
45.25
45.0
45.0
45.0
44.13
44.38
44.13
38.13
37.75
43.75
43.25
43.0
49.0
48.75
42.75
42.5
44.25
39.954
44.25
43.75
45.38
45.38
45.38
45.38
45.75
46.75
45.5
45.0
39.0
39.0
45.0
45.0
44.0
44.5
45.38
45.88
45.5
45.0
44.75
44.75
44.75
44.75
44.5
44.5
38.5
37.5
43.5
48.88
42.88
42.38
41.88
41.88
41.88
41.88
43.0
43.5
43.5
43.5
42.662
43.5
43.25
43.25
42.75
42.5
41.75
41.5
41.5
41.5
35.5
34.25
40.25
40.25
40.0
40.25
40.5
34.5
36.25
42.25
42.25
42.25
41.5
41.5
40.25
46.25
45.13
39.13
39.13
39.13
38.63
38.63
44.63
43.63
37.63
38.13
37.0
37.0
36.25
36.0
36.5
36.75
32.498000000000005
28.75
34.75
34.5
34.25
34.63
28.630000000000003
28.25
34.25
34.0
28.0
34.0
39.5
33.5
33.5
33.5
33.5
33.5
33.63
33.75
31.999
35.0
31.95
27.630000000000003
33.63
34.5
34.5
40.5
40.5
34.5
33.88
33.44
37.871
40.0
34.0
34.0
34.0
34.0
34.0
34.0
34.5
34.5
34.5
33.25
33.75
34.25
34.5
34.06
35.13
35.38
34.087
37.0
37.5
37.5
37.5
37.5
38.13
38.13
38.63
32.63
31.25
37.25
42.25
36.25
30.25
36.25
36.63
36.63
37.13
37.13
36.75
36.0
36.0
36.0
36.0
30.0
31.0
37.0
37.13
37.13
36.63
36.63
36.38
36.38
36.38
36.38
30.751
30.130000000000003
36.13
30.130000000000003
30.5
36.5
36.5
36.5
30.5
30.5
36.5
36.5
36.75
36.75
36.5
36.5
36.25
36.25
35.75
35.75
35.5
35.25
35.25
35.25
35.44
35.25
35.5
35.44
35.13
35.38
35.38
35.38
35.38
35.38
35.13
35.13
35.13
35.13
34.88
34.88
34.25
34.25
40.25
40.0
46.0
40.0
34.0
33.75
33.75
33.75
33.25
33.69
33.69
33.69
33.94
33.25
32.75
32.75
34.13
33.63
34.25
34.25
34.25
34.25
34.75
34.75
28.75
28.75
34.75
34.75
34.75
34.75
34.75
34.75
35.25
35.25
35.0
35.0
35.0
35.0
35.0
35.0
35.0
35.0
35.0
35.0
34.5
34.75
38.5
38.56
39.5
39.13
33.13
33.5
39.5
39.75
39.75
39.75
40.5
40.63
41.25
41.75
41.25
40.0
46.0
52.0
48.5
42.5
44.25
45.0
43.0
42.0
42.25
36.25
36.75
42.75
42.38
41.88
43.25
49.25
49.5
43.5
43.75
43.75
43.5
43.5
49.5
48.0
42.0
42.0
41.75
41.75
42.0
41.75
41.75
41.75
41.13
40.88
40.88
40.88
41.25
41.25
41.25
41.25
41.5
41.75
40.75
40.434
34.5
40.5
40.5
40.5
40.0
37.926
34.0
37.0
34.0
40.0
39.75
39.5
39.5
45.5
45.5
39.5
39.0
39.0
39.25
39.25
39.25
45.25
45.25
39.25
33.25
39.25
38.75
38.38
37.75
36.38
36.38
36.38
36.13
36.13
36.13
36.13
36.13
36.13
35.63
35.25
34.75
34.75
35.88
35.88
35.88
41.88
35.88
29.880000000000003
35.88
35.88
36.88
36.88
30.880000000000003
31.130000000000003
37.13
37.13
38.0
38.5
38.75
39.0
38.75
38.75
38.75
38.75
38.25
37.75
39.0
39.44
38.5
38.5
37.75
37.75
36.5
36.5
36.0
35.19
35.0
35.0
35.0
35.0
35.0
35.0
34.75
34.75
34.69
34.69
35.19
36.0
36.0
36.0
35.13
35.13
35.13
35.13
41.13
41.13
35.13
35.13
35.13
35.13
35.13
35.13
35.13
35.13
34.63
34.63
34.38
34.38
34.38
34.38
34.38
34.38
34.0
34.0
34.0
34.0
34.0
34.0
34.0
33.63
33.5
33.0
32.63
32.63
32.5
32.0
31.5
25.5
25.5
31.5
29.75
28.75
29.12
30.12
30.37
30.37
31.0
30.75
30.75
30.75
31.25
31.75
31.75
31.75
31.75
31.75
30.37
30.0
29.5
29.5
30.0
30.0
30.5
30.5
30.75
30.75
30.75
30.75
30.75
30.75
30.75
30.75
30.81
30.81
31.25
31.25
31.0
30.81
31.81
32.5
33.75
33.38
33.0
32.63
32.0
31.5
31.75
34.0
33.75
33.5
32.729
33.0
32.0
33.5
33.75
34.0
34.0
34.0
34.0
34.0
34.0
34.0
34.0
34.0
34.25
35.25
35.5
35.88
35.88
35.88
35.88
37.733
34.13
35.25
35.25
35.25
35.75
36.0
36.0
36.0
36.25
36.25
36.0
36.0
36.0
36.0
37.0
37.0
37.0
43.0
42.5
36.5
36.0
35.75
35.75
35.75
35.25
35.25
34.75
34.75
34.75
34.75
35.38
35.63
37.0
38.25
39.25
39.44
43.122
39.13
38.38
38.0
36.147
31.0
37.0
37.5
36.75
36.12
31.12
32.0
32.5
32.75
34.25
34.25
34.38
34.88
35.0
34.13
34.13
34.13
34.0
34.5
34.25
34.25
34.5
40.5
40.5
34.5
34.81
34.5
35.5
29.5
29.25
35.25
34.75
34.75
34.75
34.75
35.13
35.25
35.25
35.5
35.75
35.75
35.75
35.75
36.13
36.13
36.63
36.63
36.13
36.38
36.38
36.38
36.38
41.201
42.38
36.38
36.25
36.0
36.0
36.38
36.88
37.5
37.25
37.25
37.25
31.25
30.810000000000002
36.81
36.94
36.75
36.75
37.25
38.0
37.75
37.25
36.88
37.13
37.13
37.13
37.13
37.13
37.13
37.38
37.38
37.38
37.38
37.38
37.38
37.38
37.38
37.38
34.942
37.38
37.38
37.13
37.0
31.0
31.630000000000003
37.63
37.25
37.63
43.63
45.5
39.5
39.75
45.75
48.0
42.0
45.5
45.0
45.13
45.25
51.25
50.5
44.5
44.5
44.5
44.5
45.0
44.75
44.75
44.75
45.25
45.25
45.25
45.25
45.25
45.25
45.25
45.25
46.0
46.0
46.25
47.0
47.5
47.5
47.5
47.5
47.0
52.711
52.0
46.0
48.31
52.38
46.38
46.63
46.63
46.63
47.0
47.0
47.0
47.0
47.0
46.0
46.5
46.5
46.5
46.5
46.5
47.0
47.0
47.0
45.5
46.63
45.38
44.75
45.25
45.25
45.25
39.25
40.75
46.75
48.38
54.38
54.13
48.13
42.13
43.25
49.25
49.25
51.44
52.25
54.5
55.25
55.25
55.25
56.5
56.5
58.5
52.5
47.165
53.165
57.38
57.0
57.0
57.0
57.0
57.0
57.0
57.0
56.25
56.75
56.13
56.13
61.479
56.13
50.13
44.19
50.19
50.19
51.88
51.75
52.13
52.13
58.13
60.72
54.72
50.88
51.25
51.25
51.75
51.63
51.88
52.25
52.63
52.75
52.75
52.75
54.0
54.5
55.0
55.0
55.5
55.75
56.0
56.0
56.0
56.5
54.807
56.5
56.13
56.5
55.75
55.25
53.38
55.25
55.25
55.25
55.25
55.25
55.25
55.25
55.75
56.25
55.419
56.63
56.75
56.25
56.25
56.25
56.25
56.25
57.25
57.25
57.75
57.75
59.0
65.0
65.0
59.0
59.63
59.63
59.88
59.88
60.38
60.38
61.13
61.5
55.5
54.38
60.38
66.38
65.25
59.25
59.13
59.13
65.083
59.13
59.13
59.13
58.75
58.5
58.0
58.0
58.5
58.88
57.0
55.13
55.63
55.63
54.38
53.88
53.88
53.88
53.88
59.232
53.5
53.5
53.75
53.75
53.75
53.75
53.75
53.75
54.5
55.75
59.0
53.0
53.25
59.25
59.0
53.0
53.0
59.0
59.0
59.0
58.25
58.0
58.0
52.0
58.0
64.0
60.75
54.75
54.75
54.75
54.5
54.5
54.5
54.5
54.5
54.5
54.5
54.5
54.5
48.5
48.5
54.5
54.5
54.5
54.5
54.5
54.5
54.5
54.5
54.5
54.5
54.5
48.5
48.5
54.5
60.5
60.75
54.75
54.75
54.75
54.75
60.75
60.75
54.75
55.0
55.0
55.0
55.0
55.0
55.0
55.0
55.0
56.0
56.0
56.313
61.0
55.0
55.0
55.0
55.0
55.0
49.0
49.0
55.0
55.5
55.75
55.75
49.75
49.5
55.5
55.5
55.5
55.5
55.5
55.5
55.5
55.5
55.5
54.0
54.0
54.0
54.0
54.0
54.0
54.0
54.0
54.0
54.0
54.0
54.0
54.0
54.0
54.0
54.0
54.0
54.0
53.0
53.0
52.38
52.38
51.38
50.88
50.38
50.88
50.88
50.88
50.88
52.847
52.75
53.0
53.38
53.38
49.38
51.0
57.0
58.5
52.5
52.5
52.75
52.5
52.5
52.5
52.5
52.5
53.0
53.0
47.0
50.0
56.0
56.0
50.0
52.25
58.25
64.25
58.25
58.25
58.25
58.25
58.25
58.25
63.0
63.25
65.5
65.5
65.25
65.25
64.75
65.0
65.0
65.0
63.75
64.5
65.0
59.0
53.0
57.5
63.5
67.75
61.75
62.25
56.25
53.0
59.0
59.0
59.0
59.0
60.38
60.19
60.19
60.19
65.5
59.5
59.0
58.0
58.0
58.0
58.0
58.0
58.5
58.25
52.25
53.75
59.75
59.75
63.25
63.25
62.25
62.0
63.0
63.0
63.0
63.0
62.5
62.5
62.5
62.5
65.0
65.0
65.0
65.0
67.0
68.0
68.0
62.228
68.0
68.0
69.0
69.0
69.0
69.0
69.0
69.0
71.5
71.5
71.5
71.5
72.0
66.0
67.0
73.0
72.0
72.0
66.0
60.0
65.75
71.75
72.75
72.75
72.75
72.75
72.75
72.75
72.75
72.75
73.0
76.0
77.0
77.62
78.12
79.964
79.12
79.12
79.12
79.12
80.12
80.12
80.12
80.12
82.0
82.0
82.0
82.0
81.25
81.25
81.25
81.25
82.0
82.0
81.62
82.0
81.5
82.458
82.5
82.5
76.5
77.5
83.5
77.5
76.0
82.0
77.0
76.5
76.5
76.5
76.5
76.5
75.5
74.5
76.0
77.25
76.5
76.5
70.5
64.5
58.5
64.5
70.5
64.5
70.5
76.5
76.5
76.5
76.0
76.0
75.0
75.0
73.25
73.0
73.0
73.0
72.0
72.0
71.0
65.0
63.5
69.5
68.12
66.62
66.12
65.62
63.75
57.75
56.75
62.75
61.0
60.0
61.0
62.0
62.038
62.0
66.0
67.0
61.935
65.37
65.37
65.37
66.37
64.0
58.0
57.0
51.0
57.0
63.0
63.0
63.0
63.0
63.0
63.0
62.0
62.0
63.0
63.75
57.75
57.25
63.25
63.25
63.75
63.75
61.88
60.56
64.0
62.75
64.5
64.5
64.0
62.88
61.88
61.5
64.0
64.0
64.0
64.0
64.0
64.0
64.75
65.5
65.5
70.476
65.5
65.5
65.0
65.0
64.5
64.5
64.5
68.322
70.5
64.5
64.5
61.204
58.5
52.5
58.5
64.5
63.5
63.5
63.5
63.5
65.0
65.0
65.0
65.0
65.0
65.0
65.0
65.0
64.0
63.5
64.0
64.5
64.5
64.5
64.5
64.5
64.5
64.5
65.5
65.5
66.0
66.0
65.0
64.37
64.37
64.37
65.37
66.0
66.0
66.0
66.0
66.0
66.0
60.0
60.0
66.0
66.0
60.0
60.0
54.0
60.0
66.0
66.0
66.0
66.0
66.0
66.0
66.0
66.0
66.0
65.5
66.0
66.5
66.5
67.5
67.5
67.5
67.5
66.5
66.0
65.0
65.0
65.0
65.0
65.0
65.0
65.0
59.0
59.5
65.5
65.5
59.5
59.0
65.0
64.0
64.0
64.0
64.0
64.0
64.0
64.0
64.0
65.0
64.0
64.0
64.0
63.5
62.5
63.0
63.0
63.0
63.0
62.0
61.0
61.0
61.0
60.0
60.0
60.0
60.0
60.0
60.0
60.0
60.0
60.5
66.5
66.5
68.148
66.5
60.5
54.5
60.5
60.5
60.5
60.5
54.5
54.5
60.5
60.5
60.5
60.5
60.5
61.0
61.0
60.56
60.5
64.62
64.62
67.5
68.0
69.5
74.099
75.0
69.0
70.0
70.0
70.0
70.0
70.0
70.0
70.5
70.5
70.5
67.34700000000001
64.5
70.5
70.5
64.5
64.5
70.5
70.5
70.5
70.5
70.5
70.5
70.5
70.5
70.5
69.5
69.0
69.0
69.0
69.0
68.0
68.0
69.489
74.0
68.0
68.0
68.0
67.0
66.0
66.0
66.0
67.0
67.0
67.0
67.0
67.0
67.0
67.0
67.0
67.0
67.0
67.0
67.0
65.5
65.5
64.5
64.0
62.5
62.5
62.5
62.5
62.5
62.5
62.5
62.5
62.5
62.5
62.5
56.5
56.5
62.5
61.13
59.5
58.5
58.5
57.88
57.88
57.88
51.88
51.88
57.88
57.88
57.88
51.88
51.88
57.88
57.88
57.88
57.88
57.88
57.88
51.88
51.75
57.75
58.0
58.5
58.5
59.0
59.0
59.0
59.0
59.5
62.38
56.38
55.5
61.5
61.5
61.5
61.5
61.5
61.5
61.5
61.5
62.5
63.5
62.5
62.75
62.25
62.25
62.0
56.0
54.5
60.5
60.5
60.5
54.5
50.31
56.31
56.31
56.13
56.13
56.401
62.401
57.13
57.13
56.13
57.13
57.13
57.13
57.13
57.13
57.13
57.13
57.13
57.13
56.63
56.63
56.5
55.5
55.5
55.5
56.0
56.0
57.0
58.0
59.0
60.0
60.5
60.5
60.5
60.5
60.5
60.5
61.5
61.5
61.5
61.5
61.0
61.0
61.0
61.0
62.0
63.5
63.5
63.5
63.0
62.5
62.5
62.5
62.041
68.0
62.0
62.992
62.5
63.75
63.25
64.25
66.25
62.5
62.5
56.5
56.5
62.5
63.0
63.75
59.787
63.75
63.25
64.99
63.25
63.25
63.25
63.25
63.25
63.25
62.25
62.25
62.25
62.25
61.75
55.75
55.75
61.75
61.75
61.75
61.0
60.0
60.0
60.0
54.0
55.0
61.0
61.0
61.45
63.0
63.0
63.0
63.0
63.0
63.0
63.0
63.0
63.0
63.0
63.0
63.0
63.0
63.0
63.0
63.0
63.0
63.51
64.0
64.0
64.0
64.0
64.0
70.0
70.0
64.0
64.0
64.0
64.0
64.0
64.0
63.0
63.0
62.25
62.25
61.5
61.5
60.5
60.0
58.7
56.2
55.0
49.0
47.2
53.2
52.2
52.2
46.2
46.2
52.2
52.2
52.2
58.2
58.2
52.2
52.2
52.2
52.2
52.2
52.2
52.2
52.2
52.2
52.0
51.0
51.0
51.0
50.0
47.0
47.25
47.25
47.25
47.25
48.25
48.25
48.25
48.25
48.25
48.25
49.0
55.0
57.0
51.0
51.0
51.0
51.0
51.0
51.0
51.0
51.0
51.0
51.0
51.0
51.0
51.0
45.0
46.0
52.0
51.5
51.5
51.5
51.5
51.5
51.5
51.5
52.5
53.5
53.5
53.5
54.3
54.3
54.3
54.3
54.3
54.3
54.3
54.3
53.8
53.8
53.8
53.8
51.0
51.0
52.0
51.5
52.0
49.5
48.5
47.0
46.5
47.0
48.0
49.0
49.0
49.0
49.0
49.0
49.1
49.1
48.9
49.0
49.0
49.0
49.0
43.0
43.0
37.0
42.0
48.0
48.0
48.0
48.0
48.0
46.79
46.0
46.0
46.0
46.0
46.0
46.0
46.0
46.0
46.0
46.0
46.0
46.0
46.0
46.99
46.85
46.85
46.85
46.85
46.85
46.85
46.85
46.85
46.85
46.0
46.0
46.0
46.0
48.0
47.0
45.7
45.7
45.5
45.5
45.5
45.5
45.0
51.0
52.41
52.0
46.0
46.0
46.0
46.0
46.0
46.0
45.0
43.5
43.5
43.5
43.5
43.5
49.5
49.0
43.0
41.7
41.8
41.8
35.8
36.01
42.01
43.0
43.0
49.0
49.0
43.0
43.0
43.0
43.0
43.0
49.0
49.0
55.0
49.0
43.0
43.0
43.0
43.0
43.0
43.0
43.0
43.0
37.0
36.5
42.5
42.5
42.5
42.5
44.12
44.12
44.12
44.12
44.12
44.12
44.12
44.12
44.12
44.12
42.98
42.98
42.88
42.88
42.5
42.5
41.5
41.5
41.8
41.5
41.5
41.5
39.41
39.5
39.5
39.5
39.7
39.7
39.7
39.7
33.7
34.5
40.5
40.5
40.5
40.5
40.5
40.5
46.5
43.321
37.321
39.5
39.0
38.5
38.5
38.5
35.259
32.5
38.5
38.5
36.1
36.1
35.1
35.1
35.1
35.1
34.0
34.0
34.0
34.0
32.9
31.0
31.0
32.111
37.0
31.0
31.0
31.0
31.0
31.0
30.0
30.0
30.0
30.0
30.0
30.0
30.0
30.0
30.0
30.0
36.0
36.0
30.0
30.0
30.1
32.5
32.5
32.5
32.49
33.85
27.85
27.65
33.65
33.65
33.65
33.65
33.95
30.037
34.7
34.7
33.5
34.4
40.4
40.4
34.4
28.4
34.4
34.4
35.413
40.0
34.0
34.15
34.15
34.15
34.15
34.15
34.5
33.85
33.85
33.85
33.85
33.85
34.0
34.0
33.01
34.4
34.4
34.4
34.4
34.4
33.5
33.9
33.9
33.9
33.9
33.9
33.0
39.0
39.9
33.9
33.9
33.9
34.0
34.29
34.27
34.27
34.27
34.27
34.25
37.69
36.5
37.0
37.0
37.0
37.95
37.95
31.950000000000003
30.990000000000002
36.99
35.4
36.4
36.4
36.4
36.4
36.39
36.39
36.39
36.39
36.35
38.0
38.0
38.0
44.0
45.98
39.98
39.98
39.98
39.98
39.98
39.98
39.78
39.76
38.99
39.0
33.0
33.28
39.28
38.5
39.47
40.5
40.5
46.058
46.5
40.5
34.5
40.5
40.5
40.5
40.5
40.5
34.5
33.5
39.5
39.5
39.5
39.5
39.5
39.5
39.0
39.0
38.5
38.5
38.5
38.5
37.75
38.25
38.0
38.0
38.0
38.0
37.0
37.5
37.5
37.5
31.5
31.0
37.0
37.0
37.0
43.0
43.0
37.0
37.0
37.0
36.0
36.0
36.0
36.0
37.0
37.0
37.0
37.0
38.0
38.0
36.9
36.9
36.9
36.9
36.9
36.9
36.9
36.9
35.8
35.8
35.0
34.5
33.52
39.52
41.0
35.0
35.75
35.75
29.75
35.75
41.25
35.25
34.01
34.01
35.26
35.26
35.26
35.26
35.26
41.26
41.0
35.0
35.0
35.0
35.0
35.0
41.0
39.5
33.5
33.5
39.5
38.51
32.51
32.0
32.1
32.1
32.32
33.32
33.32
33.32
39.32
45.32
49.525
43.525
37.525
33.31
34.3
34.3
29.211
35.1
35.09
35.09
34.0
28.899
34.69
34.69
34.69
34.69
33.75
34.2
34.2
34.2
34.2
40.2
38.1
35.836
38.09
32.09
31.9
31.5
31.25
31.25
25.25
25.0
31.0
31.0
31.0
31.0
31.0
31.0
30.99
30.9
30.9
30.9
30.9
30.9
30.0
30.0
30.0
30.0
30.0
30.0
30.0
30.0
29.02
29.02
28.71
28.3
28.5
28.5
28.25
28.0
28.0
28.0
28.0
34.0
34.0
28.0
27.8
27.6
27.6
27.6
27.4
27.4
27.6
27.8
27.99
33.989999999999995
33.989999999999995
27.99
27.74
27.984
33.5
27.5
27.75
27.75
24.741
22.5
28.5
28.99
29.25
35.25
35.5
41.5
35.5
29.5
28.7
28.7
28.7
28.7
28.7
28.7
28.7
28.7
24.641
22.0
28.0
28.0
28.0
28.0
28.0
28.0
27.79
27.79
27.78
27.78
27.78
33.78
33.78
27.78
27.78
27.78
27.77
27.77
27.77
27.77
27.5
27.0
27.0
27.0
27.0
27.0
27.0
27.0
27.0
27.0
27.0
27.0
32.773
38.773
32.773
26.773000000000003
26.4
26.4
26.4
26.4
26.3
26.3
26.3
26.3
32.3
38.3
32.510000000000005
26.510000000000005
26.51
26.51
26.51
26.51
20.51
20.2
26.2
26.0
25.9
25.6
25.8
25.8
26.0
26.0
26.15
26.15
21.448
21.25
27.25
27.25
27.0
27.0
27.25
27.25
28.395
27.25
27.25
27.25
27.1
27.0
27.0
27.0
33.0
33.0
27.0
27.0
26.75
26.75
26.75
26.75
26.65
26.65
26.65
26.65
26.65
26.65
26.65
26.65
26.55
26.48
26.4
26.2
25.8
25.6
25.5
31.5
31.3
25.3
25.18
25.18
31.18
31.8
25.8
25.9
25.7
25.7
25.9
26.55
26.7
26.75
26.9
26.9
27.0
26.99
29.598
26.99
27.15
27.65
27.8
28.25
28.35
28.35
28.45
28.45
28.6
28.6
28.5
28.1
28.1
28.1
28.0
28.0
28.0
30.168
33.75
27.75
27.6
27.6
27.6
27.6
27.45
27.45
27.45
27.45
27.45
27.45
27.7
27.7
27.45
27.45
27.45
27.45
27.45
33.45
33.15
27.15
27.05
27.05
33.05
33.05
27.05
27.05
26.9
26.9
26.8
26.5
26.5
26.5
26.75
27.0
27.0
27.0
27.0
27.0
27.0
33.0
27.0
21.0
27.0
27.0
26.9
26.9
26.9
26.9
27.359
32.85
26.85
26.85
26.85
26.85
26.75
26.75
26.75
26.75
26.8
26.8
20.8
20.7
26.7
26.7
20.7
20.7
26.7
32.7
26.700000000000003
26.7
26.7
26.7
26.7
26.7
26.7
26.7
26.7
26.7
26.6
26.6
26.75
26.85
26.9
27.4
27.5
28.1
28.2
28.25
28.4
28.5
34.5
34.83
28.83
28.83
28.84
29.2
29.4
29.4
29.6
30.0
36.0
42.0
36.5
30.5
30.5
30.5
30.7
30.7
36.7
38.0
32.0
32.0
32.2
32.2
32.4
32.8
33.0
33.3
33.3
33.3
33.3
33.2
33.0
32.4
32.2
32.2
32.0
31.8
31.8
31.5
33.199
31.25
31.3
36.4
33.19
36.6
30.6
30.85
30.6
30.6
30.4
30.4
29.8
30.0
24.0
23.7
29.7
29.7
29.7
29.7
30.15
36.15
36.1
30.1
29.8
29.62
25.566
24.2
30.2
31.4
31.33
31.4
30.6
30.7
30.5
30.5
30.7
30.7
30.9
30.9
36.9
37.3
31.3
31.3
31.3
31.3
31.3
31.3
31.4
31.4
31.2
31.0
30.8
30.46
30.2
30.2
30.2
25.42
23.22
29.22
29.4
30.0
30.0
31.195999999999998
36.85
30.85
31.0
31.2
31.4
31.4
31.4
31.4
31.2
37.2
37.0
31.0
31.2
31.2
31.2
31.2
31.2
31.2
31.2
31.25
31.25
31.25
31.0
31.0
30.8
30.8
31.05
31.4
31.2
30.9
33.298
36.9
30.9
30.9
31.1
31.1
31.1
31.1
31.1
37.1
37.1
31.1
31.1
37.1
37.5
31.5
31.5
31.5
31.5
31.5
31.62
32.05
31.95
32.2
32.4
32.4
26.4
26.200000000000003
32.2
32.2
32.5
33.2
33.4
34.1
34.0
33.55
33.75
33.95
34.15
34.5
28.5
28.799999999999997
34.8
35.4
35.15
34.85
34.65
34.2
34.6
35.2
35.35
35.5
35.3
34.9
35.0
29.0
29.700000000000003
35.7
35.85
35.95
36.0
35.95
41.95
42.0
36.0
36.94
30.939999999999998
31.25
37.25
37.25
38.019
35.9
36.05
35.7
35.71
35.3
35.4
35.65
35.85
35.9
36.0
36.0
30.602
36.0
35.9
41.9
41.88
35.88
35.98
36.3
36.4
36.1
35.9
29.9
31.36
37.36
37.5
37.5
37.5
37.5
37.74
37.74
38.75
44.616
39.01
38.7
44.7
44.67
38.67
38.24
38.4
38.49
39.1
39.49
39.7
40.09
40.62
40.6
40.59
40.45
40.24
40.1
39.9
39.5
39.25
38.6
38.0
38.0
38.0
37.36
37.55
38.6
39.6
41.7
42.62
43.0
43.3
44.9
45.09
45.4
44.0
42.26
42.7
43.19
43.01
40.85
40.75
41.18
41.31
41.26
41.1
40.4
40.2
40.09
39.9
39.1
38.91
38.4
38.79
39.7
41.74
42.35
43.0
44.0
43.99
44.1
44.1
44.1
44.2
44.2
44.2
44.2
44.59
44.59
44.59
44.59
50.59
50.6
51.754
51.22
45.22
46.12
46.12
46.12
52.12
52.12
46.12
46.12
46.0
45.75
43.75
44.0
44.1
44.1
44.1
44.1
44.1
44.1
44.35
44.35
44.35
44.35
43.55
42.5
42.3
42.3
42.3
42.3
42.16
42.16
42.16
42.16
42.16
42.16
42.16
42.16
39.833
41.41
47.41
48.75
42.75
43.0
42.0
42.25
41.99
42.5
42.5
42.5
41.0
41.1
35.1
36.0
42.0
42.15
42.15
42.15
42.15
42.15
41.5
41.5
41.75
41.99
42.5
36.5
38.92
44.92
44.92
44.92
45.0
45.4
45.65
45.8
45.48
45.15
44.38
44.85
44.55
44.0
43.85
41.435
43.5
44.5
44.9
45.0
44.9
44.9
44.9
46.15
52.15
52.19
46.19
47.2
46.64
46.59
47.1
46.25
52.25
48.29
42.29
41.9
41.69
41.45
41.95
42.25
41.9
41.5
47.5
48.1
42.1
42.55
43.41
43.94
43.5
44.73
44.0
44.0
43.75
44.1
44.75
44.75
45.25
44.05
44.35
45.0
45.5
45.75
45.1
45.0
46.001
45.1
45.45
45.0
45.25
45.4
45.25
45.25
45.0
48.107
51.25
45.25
44.9
45.48
45.6
46.0
46.0
46.0
45.8
45.8
46.25
50.49
47.15
45.65
45.65
45.65
45.15
45.15
45.65
46.0
45.99
45.99
45.99
45.99
45.99
45.99
45.99
45.99
45.51
45.51
45.01
45.52
45.54
45.97
45.97
45.97
45.97
45.97
45.98
46.0
46.0
46.5
47.0
47.0
47.0
47.5
53.5
54.0
48.0
48.0
47.49
47.93
48.7
48.71
48.71
48.71
49.511
55.511
49.69
49.19
49.19
49.19
49.69
55.69
55.69
49.69
50.18
50.5
50.75
50.0
50.5
51.02
51.25
51.49
51.5
51.5
51.61
53.25
53.25
54.0
53.5
52.0
52.25
51.0
51.25
51.25
50.99
44.99
44.01
50.01
49.89
49.81
49.32
49.01
43.01
47.0
53.0
51.25
45.25
44.82
50.82
50.22
50.1
50.0
50.5
51.49
51.46
51.35
51.55
51.62
52.25
52.0
52.36
52.76
52.76
52.76
53.65
54.66
48.66
47.05
53.05
53.13
55.0
56.05
56.17
56.17
57.07
57.07
57.57
58.07
52.07
53.68
59.68
59.68
60.0
60.28
59.98
59.98
59.98
59.98
59.98
59.98
60.23
60.73
57.99
57.49
57.0
53.18
53.43
55.65
56.01
55.25
55.51
56.0
56.5
50.5
47.75
53.75
53.81
54.81
55.5
55.5
55.5
55.5
55.5
55.5
55.5
49.5
48.5
54.5
54.5
54.5
54.5
54.5
55.5
55.5
55.65
55.65
55.65
55.65
55.65
55.65
55.0
55.09
55.09
55.09
55.09
55.09
55.09
55.09
55.09
55.09
55.01
54.5
54.5
54.5
48.5
49.0
55.0
56.0
56.25
56.2
54.89
55.05
49.05
43.05
49.05
55.05
61.05
67.05
61.05
55.05
53.75
53.8
58.331
61.05
55.05
54.95
54.95
54.95
54.98
54.98
54.98
54.98
54.47
54.5
54.75
54.9
53.0
53.25
59.25
59.5
53.5
53.5
53.0
53.01
53.01
53.01
53.25
53.5
53.5
53.5
53.49
53.49
53.0
53.25
53.5
53.75
54.0
60.0
61.25
55.25
55.5
55.5
55.0
55.0
55.5
57.0
57.0
57.25
56.99
56.75
62.75
62.6
56.6
56.6
56.6
55.5
55.5
55.5
55.5
55.5
55.0
55.1
55.1
60.59
55.1
55.1
55.1
55.1
55.1
55.1
53.69
53.75
53.55
53.5
53.5
53.5
53.7
53.88
53.9
53.8
55.376
59.8
53.8
53.8
53.8
53.8
52.48
51.3
51.3
51.8
52.15
52.3
52.3
52.3
46.3
45.45
51.45
51.45
52.45
53.0
52.45
52.45
58.45
58.45
52.45
52.45
53.0
53.5
53.5
53.5
53.5
53.5
53.5
53.5
53.5
54.0
54.5
55.0
49.0
43.0
48.25
42.25
48.25
54.25
54.0
54.0
54.0
54.0
54.01
54.01
53.99
53.99
54.0
54.0
53.5
53.6
53.6
53.6
53.6
53.6
56.01
55.0
56.01
56.0
55.51
55.5
55.6
55.6
55.6
55.6
55.1
55.25
55.62
56.0
55.75
56.0
56.1
56.1
56.35
56.4
57.426
61.75
55.75
55.75
55.75
49.75
49.4
55.4
55.4
54.27
48.27
49.5
50.877
49.5
55.5
55.5
55.65
56.15
56.15
56.15
56.15
55.65
55.5
55.0
49.0
49.0
55.0
59.783
61.0
55.0
55.0
55.0
55.0
55.0
55.0
55.0
55.0
55.0
49.0
47.49
53.49
53.49
53.1
53.0
53.7
53.2
53.2
53.2
52.0
58.0
58.1
52.1
47.499
51.1
51.25
51.25
51.25
51.3
51.5
51.03
51.05
50.75
51.0
52.5
52.49
52.99
53.0
47.0
43.0
37.0
43.0
49.0
48.75
48.75
49.01
49.5
49.5
43.5
44.68
38.68
44.68
50.68
51.5
51.5
51.5
51.5
51.5
51.5
51.5
51.5
50.75
50.25
50.25
50.25
50.5
50.5
50.5
50.5
51.0
48.065
42.065
47.862
53.862
51.0
51.0
51.0
51.0
51.0
50.75
50.75
47.774
41.774
42.543
48.543
50.95
51.0
45.0
45.0
51.0
51.0
50.5
50.4
50.4
50.0
50.0
50.0
50.5
51.0
51.0
51.0
50.0
44.0
44.0
50.0
50.5
44.5
44.0
50.0
49.9
51.0
45.0
43.0
49.0
49.6
49.97
49.97
49.98
49.85
49.52
49.2
50.0
51.0
51.01
52.0
52.0
52.0
51.5
51.5
51.5
47.442
45.39
51.39
50.51
52.0
52.0
52.5
52.39
52.0
51.97
57.895
52.45
52.88
52.39
52.0
52.0
52.0
52.49
52.49
53.0
53.0
53.0
53.0
53.0
52.5
53.0
53.0
53.25
47.25
49.25
55.25
54.9
54.06
53.75
53.75
53.75
53.69
54.0
54.1
54.75
54.6
54.7
54.7
55.2
55.7
55.5
54.6
54.85
54.8
54.8
54.83
55.33
55.4
55.41
55.8
57.4
57.6
57.6
60.024
65.0
59.0
58.0
57.75
57.75
57.75
57.75
57.75
57.75
59.0
59.0
58.0
58.0
52.0
51.75
45.75
51.75
57.75
57.75
57.75
56.75
56.99
56.98
56.3
57.0
56.7
57.0
57.0
55.69
55.0
55.0
55.0
61.0
59.9
53.9
53.9
53.3
59.3
58.5
52.5
53.0
53.0
59.0
59.0
53.0
53.0
53.0
53.0
54.1
54.1
54.0
55.0
55.5
55.0
55.25
49.25
50.5
56.5
56.49
55.75
61.75
62.0
56.0
54.65
54.65
54.65
54.3
55.29
54.69
48.69
48.75
54.75
54.99
54.98
54.63
48.63
48.61
42.61
48.61
54.61
57.25
57.98
56.8
56.96
56.71
56.68
58.418
55.65
55.65
55.9
55.9
55.99
55.99
55.99
56.25
56.39
55.69
56.0
56.0
56.0
55.97
55.97
54.6
54.39
54.04
54.25
53.75
53.75
54.0
48.0
54.0
60.0
56.0
56.5
56.9
55.373
56.5
56.5
56.75
56.97
57.0
57.1
57.25
57.2
57.7
57.0
57.25
57.25
58.840999999999994
62.28
56.28
56.0
54.98
48.98
46.5
52.5
52.24
53.758
58.29
52.29
51.97
51.96
52.0
52.19
50.99
50.5
49.9
49.75
49.69
49.51
49.95
49.5
49.0
48.25
49.6
49.82
49.5
43.5
44.19
50.19
49.96
50.5
50.65
50.65
50.9
51.0
51.14
51.0
51.42
51.42
51.5
52.0
51.5
51.5
51.5
51.5
45.5
44.88
50.88
50.88
50.35
50.35
50.4
50.1
50.0
50.0
49.75
52.024
55.88
49.88
49.88
49.88
49.63
49.63
49.63
49.63
49.88
49.79
49.8
49.8
50.1
44.1
45.5
51.5
51.0
45.0
42.171
48.171
51.1
51.1
57.1
57.24
51.24
51.24
51.24
51.24
51.24
51.24
51.0
51.09
51.09
51.09
45.09
44.79
50.79
50.79
50.79
50.79
48.8
47.7
47.3
41.3
42.66
48.66
47.99
48.49
49.0
48.7
47.2
46.5
45.779
47.0
47.01
47.55
47.8
47.8
47.8
47.8
47.8
47.8
48.0
48.0
42.0
41.0
47.0
47.0
47.0
53.0
53.0
47.0
46.05
40.05
38.25
44.25
44.0
43.69
41.7
47.7
51.883
45.883
44.35
45.0
39.0
39.75
33.75
39.4
45.4
51.4
49.52
43.52
43.62
44.2
44.2
44.2
44.2
44.2
44.2
44.15
43.15
42.75
42.52
42.11
42.01
42.01
43.0
43.0
43.0
43.0
43.5
43.5
43.49
43.0
47.908
48.99
42.99
42.6
48.6
48.6
42.6
42.6
42.6
42.6
48.6
48.5
42.5
42.5
42.5
42.5
42.5
42.5
42.5
42.5
43.0
42.5
42.5
42.98
42.98
42.98
43.21
44.5
45.0
45.0
45.33
45.73
43.85
43.31
43.31
43.31
42.27
42.61
47.78
41.78
41.75
41.9
42.2
42.44
42.7
43.0
43.45
43.97
43.95
45.15
45.2
44.5
43.98
43.96
44.4
44.25
44.27
44.4
44.69
44.64
42.4
42.1
42.12
42.95
42.9
42.7
42.51
41.7
41.91
42.41
42.0
42.0
41.6
41.4
41.4
41.4
41.15
40.77
41.0
41.0
40.75
40.82
40.8
40.8
34.8
35.09
41.09
47.0
41.0
40.62
46.62
46.5
40.5
40.5
40.51
40.5
41.11
41.6
41.1
40.84
40.84
40.84
40.6
40.8
40.8
41.29
47.29
47.49
41.49
41.49
41.0
41.0
41.0
41.0
41.0
41.0
40.5
40.34
40.34
40.34
40.84
39.25
45.25
45.5
39.5
39.5
39.25
39.25
39.25
39.25
39.0
39.25
39.0
33.241
32.5
38.5
38.5
38.5
32.5
31.5
37.5
37.5
37.5
38.18
38.0
39.0
38.75
38.85
38.85
38.85
38.82
39.99
39.97
40.0
39.5
39.0
39.0
39.0
34.54
39.0
40.85
41.04
41.34
41.34
41.45
41.44
41.44
41.44
40.8
40.74
46.74
44.51
38.51
38.5
38.18
38.0
38.11
38.1
38.6
39.1
39.943
38.99
39.19
39.19
39.49
40.0
40.43
40.45
39.5
39.99
40.25
39.75
39.75
39.75
40.25
40.25
39.75
40.25
39.75
40.0
40.0
40.0
39.5
33.5
34.0
40.0
40.4
40.4
41.0
41.7
41.75
41.8
42.25
42.75
42.75
36.75
35.3
41.3
35.3
36.15
42.15
41.87
36.604
42.6
42.59
36.59
35.29
41.29
41.05
38.75
40.31
40.99
41.71
42.51
42.51
42.51
47.5
41.5
43.23
49.23
48.65
48.67
48.1
48.6
48.6
47.3
47.8
47.79
47.79
47.79
47.8
47.8
47.6
47.6
47.8
48.25
48.55
48.55
48.5
48.01
48.1
48.1
48.03
48.03
54.03
54.02
48.02
48.153
42.153
42.04
48.04
48.53
48.53
48.53
48.19
48.44
48.44
48.44
48.44
48.44
48.0
48.0
47.49
47.3
47.05
53.05
53.05
47.05
47.05
47.05
47.0
46.5
46.5
46.5
46.5
46.5
47.0
41.0
41.45
47.45
47.0
47.0
47.0
47.15
45.65
46.0
45.32
45.32
45.22
45.22
45.0
45.0
44.5
44.75
38.75
39.299
45.299
45.15
45.0
44.75
44.0
44.0
43.0
42.75
42.5
42.0
48.0
47.158
41.158
35.158
36.5
42.5
48.5
48.65
42.65
42.65
42.65
42.65
43.0
43.75
44.0
43.5
49.5
49.75
43.75
43.75
43.75
43.75
43.75
43.75
43.75
43.75
37.75
37.5
43.5
43.5
43.5
43.5
43.5
43.5
42.99
41.52
42.01
42.02
42.04
41.93
42.07
42.07
42.5
48.5
49.0
43.0
43.0
43.0
42.75
43.0
43.0
43.0
43.24
43.57
43.57
43.57
43.57
43.57
44.0
44.0
43.75
44.0
44.25
44.0
45.17
51.17
51.22
45.22
46.52
47.99
48.25
47.5
49.49
49.0
49.01
50.945
49.87
49.86
50.61
50.1
50.1
50.1
56.097
52.11
52.12
52.12
52.0
51.75
45.75
45.0
51.0
51.0
51.0
51.0
51.0
50.75
50.5
50.5
50.5
50.5
50.25
50.25
50.25
50.25
48.29
46.41
46.41
46.41
46.41
46.41
47.5
47.5
46.94
46.94
46.94
46.94
47.12
47.5
47.5
47.5
41.5
41.0
47.0
46.5
46.0
46.0
46.0
46.0
46.0
46.0
45.75
45.75
44.67
44.0
44.0
44.0
44.05
47.656
44.48
44.75
44.77
44.77
38.77
38.99
44.99
38.99
41.99
47.99
49.24
49.48
48.48
48.0
54.0
54.98
48.98
49.48
49.29
51.0
47.5
46.0
46.0
46.17
47.25
46.67
46.25
45.4
44.5
44.5
44.72
50.72
49.65
43.65
40.0
41.01
39.89
38.5
39.0
39.0
38.25
40.75
41.25
41.69
41.73
47.73
53.73
47.75
41.75
47.75
48.4
42.4
41.5
42.45
41.4
41.5
41.0
41.0
41.0
41.0
41.48
41.5
41.19
41.3
40.69
41.0
40.63
41.0
41.0
41.15
39.75
45.75
45.66
39.66
39.54
39.78
39.2
39.3
39.6
39.8
34.623
40.14
40.25
40.25
41.1
41.54
41.09
41.54
42.24
42.05
42.1
42.11
41.99
41.75
41.5
41.75
41.74
41.5
41.5
41.5
40.75
40.25
46.25
46.0
40.0
40.89
41.0
41.25
41.25
41.0
40.5
40.5
40.2
40.5
39.0
39.45
39.02
39.0
33.0
32.25
38.25
38.99
39.98
33.98
33.75
39.75
40.1
46.1
45.0
39.0
39.0
40.5
40.5
40.75
40.81
40.54
41.0
47.0
48.32
42.32
42.5
42.99
42.45
42.0
42.0
41.0
41.5
41.75
41.5
47.5
47.98
41.98
42.42
42.2
42.25
42.25
42.4
42.4
43.0
43.5
44.0
49.946
49.875
45.0
45.5
45.5
45.75
46.25
45.5
46.0
45.89
45.6
44.85
45.85
46.25
46.48
46.4
46.0
45.4
39.4
33.4
39.4
45.4
39.4
40.89
46.89
46.5
46.8
45.5
45.5
45.5
48.692
52.0
46.0
45.85
45.5
46.0
45.9
45.4
45.4
42.811
45.9
44.487
39.9
45.9
45.01
45.01
45.49
39.49
39.4
45.4
51.4
45.62
45.62
46.47
46.47
46.75
46.75
47.0
48.0
47.5
47.5
47.01
46.75
47.0
47.0
46.5
46.39
41.0
47.0
47.1
47.45
47.2
53.2
53.98
47.98
47.5
47.15
46.65
47.05
47.0
47.0
47.2
47.95
47.93
46.877
41.99
47.99
48.0
48.55
48.0
47.0
47.0
47.0
48.0
48.0
47.25
46.94
40.94
41.3
47.3
41.3
40.11
46.11
46.07
46.49
46.0
46.5
45.05
44.8
45.3
45.07
45.7
45.7
45.5
45.5
45.5
45.76
46.0
45.02
45.0
45.0
45.0
45.0
43.89
43.88
48.288
43.99
49.99
46.457
40.457
44.5
45.0
45.0
45.32
44.0
44.75
44.89
38.89
38.7
44.7
43.75
43.75
43.75
43.75
41.9
42.0
43.08
43.34
43.84
43.7
43.5
43.25
44.2
44.05
44.0
40.871
38.2
44.2
44.2
38.2
37.91
43.91
43.85
44.75
44.75
45.24
44.0
44.14
44.74
44.15
43.82
44.2
44.7
45.99
46.5
47.0
47.5
49.0
49.84
48.51
49.0
50.0
48.52
49.0
49.0
49.0
49.0
48.0
47.55
47.6
47.6
47.559
52.0
46.0
47.35
46.51
45.04
45.55
45.55
46.99
46.94
47.3
47.5
47.5
48.0
42.0
40.99
46.99
46.99
46.2
45.5
44.919
39.65
45.65
45.65
45.59
45.28
51.28
51.0
55.218
51.88
45.88
45.88
45.4
46.02
47.298
46.34
47.01
41.01
41.0
47.0
47.0
47.0
46.75
46.75
47.29
47.4
47.11
47.21
48.7
48.56
49.45
49.47
51.983
54.98
48.98
49.0
49.49
49.49
51.1
51.16
51.5
51.81
53.19
53.07
54.5
54.0
55.2
56.26
56.8
56.74
56.99
56.75
56.75
55.3
55.5
55.4
54.9
55.53
54.4
54.5
54.0
54.0
55.5
56.0
60.501
66.501
64.75
58.75
58.19
58.0
57.99
58.0
58.0
57.84
60.3
60.58
66.58
70.0
64.0
69.633
71.25
65.25
63.4
61.0
60.41
61.08
61.08
61.08
60.58
60.98
60.08
60.14
58.0
57.51
57.51
55.81
57.22
57.6
57.6
51.6
52.21
58.21
58.21
58.21
58.21
58.21
58.8
59.3
53.3
53.0
59.0
58.65
60.52
61.0
61.0
67.0
61.0
55.4
61.4
61.4
61.4
61.4
61.0
61.0
59.5
59.5
59.0
57.72
58.5
58.55
57.0
56.3
56.99
56.99
57.25
57.62
58.15
58.57
58.57
58.57
58.0
56.19
56.7
57.2
55.9
49.9
48.52
54.52
55.0
54.5
54.05
60.05
60.8
54.8
55.5
49.5
49.5
55.5
55.12
49.12
48.8
54.8
53.5
53.25
54.0
53.25
53.15
53.15
54.15
54.63
55.25
57.781
55.0
54.0
55.9
56.0
56.0
56.0
55.5
55.38
55.38
55.38
55.0
55.0
54.5
52.0
52.0
52.8
51.29
50.8
54.94
57.2
51.2
50.0
50.0
50.0
49.0
49.01
47.9
47.0
47.0
47.0
48.0
48.35
49.5
49.35
50.0
50.0
52.0
52.61
46.61
45.75
51.75
51.75
50.0
50.04
46.7
52.7
57.0
51.0
52.0
54.0
53.6
53.0
53.5
53.5
53.0
53.0
55.0
55.5
55.0
54.5
55.5
56.0
57.0
57.0
57.5
57.5
58.4
58.4
60.6
60.3
60.0
61.0
60.25
59.75
59.51
59.51
60.0
60.0
60.0
63.193
58.5
57.0
56.75
57.25
57.01
58.51
57.57
58.3
58.51
58.51
58.51
58.51
58.51
58.51
58.02
58.02
59.0
58.61
59.1
59.6
59.6
59.6
59.6
59.6
60.1
59.6
59.5
58.65
58.62
58.5
58.0
58.0
59.0
59.38
60.0
60.0
60.0
60.0
59.5
58.9
52.9
52.2
58.2
58.2
57.7
57.4
56.5
56.0
56.0
53.23
47.23
49.5
55.5
55.0
55.0
54.5
55.01
57.0
56.5
55.0
52.923
51.0
57.0
57.15
51.15
50.6
56.6
56.1
55.0
54.0
54.0
54.0
52.97
53.135
59.0
53.0
52.75
49.48
53.0
50.4
51.5
52.0
51.5
50.0
51.51
53.0
54.0
60.0
60.85
54.85
54.85
54.85
54.85
54.85
55.5
56.0
56.0
56.0
56.0
56.0
56.0
56.0
56.0
56.0
55.101
51.0
45.0
51.0
57.0
58.5
58.2
58.2
62.05
63.0
61.11
63.2
63.2
63.2
64.2
65.25
65.0
65.69
65.14
66.0
65.0
71.0
69.77000000000001
63.77000000000001
63.0
64.0
63.8
63.31
61.55
59.1
60.15
60.15
60.15
60.15
59.8
59.78
65.359
61.55
63.4
63.4
64.25
64.25
64.25
64.25
65.0
65.5
65.5
65.5
67.51
66.81
68.0
69.05
68.5
64.2
58.2
59.25
53.25
59.25
65.25
65.25
61.5
55.5
56.0
62.0
63.29
65.75
66.5
60.5
59.5
65.5
65.2
64.42
64.42
64.42
64.42
64.42
62.55
56.55
55.25
61.25
61.25
60.265
62.0
62.5
63.25
62.25
63.0
66.5
65.5
65.5
65.5
65.5
68.12
68.0
67.0
65.72
65.72
65.72
64.2
58.2
58.7
64.7
64.7
64.7
64.7
64.7
65.0
64.0
65.0
65.0
65.0
65.0
64.0
64.0
64.0
64.0
65.0
65.0
65.5
65.5
65.5
65.5
65.5
65.5
65.5
59.5
59.5
65.5
65.5
65.5
65.0
65.0
64.5
64.5
65.0
64.5
65.5
64.05
64.05
64.05
58.05
54.5
60.5
62.5
63.0
63.5
61.5
61.5
61.5
61.6
59.81
56.5
56.51
56.51
57.8
59.14
59.75
59.5
62.0
62.5
62.5
62.55
63.0
63.48
63.48
63.48
62.0
62.88
61.05
59.5
60.99
60.99
62.8
62.8
60.1
60.1
60.06
60.88
60.88
54.88
53.71
59.71
61.44
60.0
61.25
60.6
60.75
60.55
61.21
61.71
61.25
61.19
64.09
64.1
64.87
67.99
66.77
66.77
72.77
73.0
67.0
67.0
67.0
67.0
67.0
67.0
67.0
67.0
69.725
69.46
67.0
67.0
65.9
71.9
70.47
64.47
63.81
57.81
56.88
62.88
62.88
62.88
62.88
62.88
61.0
61.0
55.0
56.33
62.33
65.6
64.5
65.5
65.5
65.5
65.0
65.0
65.0
65.0
69.3
69.25
69.6
69.1
63.099999999999994
67.8
73.8
73.8
71.3
72.51
75.25
75.25
77.5
77.9
71.9
74.8
80.8
80.8
79.08
80.8
80.5
80.52
78.39
77.5
76.99
76.0
76.0
76.0
76.0
76.0
74.44
74.7
74.7
74.7
74.7
74.7
74.7
68.7
66.4
72.4
66.4
72.4
78.4
76.99
75.35
75.35
76.49
76.49
76.5
73.6
74.0
73.0
73.0
73.0
72.28
69.85
65.712
59.712
53.712
59.712
65.712
70.25
70.25
70.25
70.26
68.77
68.5
68.5
69.01
68.52
72.5
72.51
72.51
72.51
69.58
70.58
71.22
71.22
71.22
71.22
69.64
71.8
73.55
74.5
68.5
68.5
74.5
74.5
74.5
74.5
73.5
73.5
73.0
72.0
72.0
72.0
72.0
72.0
70.0
68.75
68.75
68.75
69.5
68.74
68.74
68.74
68.74
68.74
68.28
68.4
68.75
68.75
69.3
75.3
69.3
63.3
69.29
70.4
69.31
69.69
69.1
69.35
69.6
69.6
69.6
69.6
69.61
63.61
62.489999999999995
68.49
74.49
75.0
69.0
69.0
70.2
64.2
64.1
70.1
68.8
68.3
67.8
66.1
66.1
66.1
66.3
65.8
59.8
56.3
62.3
68.3
66.8
60.8
61.0
60.55
62.0
62.5
63.0
61.0
59.76
53.76
51.55
57.55
57.55
57.75
55.5
55.0
54.5
54.1
53.75
52.6
52.5
52.5
52.57
55.0
61.0
66.5
60.5
54.5
59.6
60.0
61.0
62.5
62.5
62.5
61.95
60.0
60.5
59.5
59.5
59.5
59.5
60.25
60.5
60.0
56.56
52.0
58.0
60.25
54.25
54.25
56.21
53.5
51.32
50.2
52.5
53.25
55.11
54.8
54.0
52.0
50.5
49.58
50.95
49.58
53.12
53.9
47.9
46.0
52.0
49.0
49.46
45.42
45.9
45.9
43.7
41.12
42.3
43.5
42.8
42.6
42.0
42.5
43.01
42.05
43.5
43.2
44.9
38.9
39.4
45.4
45.17
43.02
49.02
55.02
50.74
44.74
41.01
41.55
38.25
33.25
32.12
30.0
30.94
30.0
29.53
30.0
29.06
29.06
29.0
28.05
27.75
26.55
27.0
33.0
36.5
42.5
43.85
37.85
31.85
37.85
43.0
37.0
37.0
37.25
43.25
42.5
36.5
32.35
38.35
38.8
38.8
33.044
38.8
38.8
36.5
35.35
36.31
36.15
34.63
35.05
35.05
35.05
31.69
31.35
33.1
33.1
33.1
33.1
33.1
33.1
33.1
33.1
31.98
31.3
31.3
31.3
29.21
28.0
28.0
28.0
28.0
28.0
28.46
28.46
28.5
28.5
31.01
32.49
32.0
31.51
32.75
33.05
33.5
33.5
31.87
32.24
32.24
32.24
32.3
32.3
33.5
39.5
39.59
33.59
27.590000000000003
25.93
31.93
36.765
37.2
31.200000000000003
30.3
32.151
36.0
30.0
30.0
30.0
30.0
30.0
30.69
31.28
31.28
31.28
31.28
31.28
32.65
32.65
31.28
32.265
38.265
32.91
34.15
34.1
32.76
32.65
33.2
33.03
33.03
33.03
33.46
33.46
32.81
32.81
33.25
33.01
32.75
32.89
31.29
31.29
31.3
30.62
31.46
31.34
31.34
37.34
31.340000000000003
25.340000000000003
30.03
30.62
36.620000000000005
37.06
31.060000000000002
31.06
31.06
31.06
29.91
29.91
29.0
30.05
31.1
31.2
31.2
31.2
30.51
30.51
31.08
31.08
30.0
30.69
31.01
31.22
30.83
30.83
30.83
30.83
31.52
29.62
31.05
31.1
31.79
31.79
33.57
33.57
34.04
33.57
33.57
33.57
36.45
35.76
36.58
37.0
39.48
39.48
39.48
39.48
37.99
37.99
38.6
38.6
38.6
38.6
39.5
39.5
39.5
39.5
37.74
43.74
41.874
35.874
29.874000000000002
30.509999999999998
36.51
36.53
36.11
36.11
37.7
36.21
36.0
42.0
42.31
36.31
36.31
36.31
35.0
36.677
35.0
35.0
35.03
36.75
35.58
35.59
35.97
36.28
30.28
31.17
37.17
37.17
37.17
37.17
37.17
37.17
37.17
37.17
37.17
37.17
38.05
37.24
40.05
40.1
41.15
41.15
41.01
41.34
41.0
40.65
39.5
45.5
44.9
38.9
38.9
38.9
38.9
38.7
38.7
38.7
38.98
39.66
40.67
40.05
40.22
40.85
40.99
40.35
38.173
40.35
40.5
40.5
40.5
40.5
34.5
35.68
41.68
41.68
43.11
43.11
43.11
49.11
49.11
43.11
42.42
42.42
42.42
42.42
43.13
43.13
42.16
42.16
44.139
41.36
41.36
41.36
41.36
41.36
41.36
41.36
41.36
41.36
41.36
41.36
47.36
47.36
53.36
47.36
41.36
41.36
41.36
41.36
41.36
41.36
42.1
42.15
48.15
50.3
44.3
44.3
38.3
41.5
47.5
44.863
38.863
43.47
42.6
43.33
43.33
43.33
37.33
35.95
41.95
41.25
42.4
43.0
43.49
43.49
43.49
43.49
46.72
46.72
47.702
46.72
48.02
47.0
48.5
48.5
48.5
48.5
48.5
48.5
48.5
54.5
59.5
53.5
47.5
48.85
54.85
54.5
54.5
54.5
48.5
48.5
54.5
54.5
54.92
54.91
48.91
46.58
44.024
48.28
54.28
54.28
51.16
50.3
50.3
50.3
50.69
50.69
50.75
50.75
50.75
50.75
50.75
50.75
50.75
50.75
52.05
52.05
52.6
52.6
53.29
53.3
56.0
56.0
56.0
56.0
54.5
53.9
53.9
47.9
49.19
55.19
56.67
56.67
57.81
57.81
57.81
57.81
63.81
63.36
57.36
58.36
52.36
47.93
53.93
55.3
55.3
55.3
55.3
55.3
55.3
56.164
55.3
55.3
49.3
49.2
55.2
55.2
55.2
55.2
55.2
55.2
55.2
55.2
55.2
55.2
55.2
55.2
55.2
55.2
54.31
56.0
50.0
51.5
57.5
51.5
48.82
54.82
54.82
54.82
54.82
54.82
54.82
54.82
54.19
54.19
54.42
54.41
54.8
54.8
55.25
55.5
55.5
55.5
59.0
59.0
57.75
58.75
58.75
58.75
60.0
66.0
69.0
63.0
57.0
61.83
67.83
67.78
67.78
67.78
68.5
66.5
66.5
66.5
66.5
66.5
63.8
61.94
61.8
55.8
57.662
63.662
61.17
61.17
61.17
59.659
54.6
60.6
60.2
60.0
66.0
64.1
65.4
66.81
60.81
54.81
60.81
66.81
69.77
69.5
69.5
75.5
75.5
69.5
69.5
69.5
72.22
70.22
64.22
65.5
71.5
65.5
62.75
68.75
68.15
69.6
67.77
67.77
67.43
68.5
62.5
62.5
68.5
68.5
68.5
68.5
68.5
63.019
67.68
67.68
65.89
65.87
65.23
64.23
63.7
62.75
63.57
67.423
63.27
62.33
62.73
56.73
60.25
66.25
65.95
67.05
67.05
66.595
61.05
67.05
69.89
68.89
69.89
69.89
71.0
69.54
69.54
69.54
69.54
69.54
69.7
69.7
67.23
64.0
70.0
70.0
73.12
73.51
72.81
72.81
73.42
73.42
73.42
73.42
73.42
73.42
74.816
74.53
68.53
68.53
62.53
65.67
71.67
65.67
66.02
72.02
71.25
71.25
71.88
71.36
70.88
70.88
70.88
70.88
70.88
70.88
71.16
70.32
71.5
71.5
71.3
71.3
73.49
73.49
76.25
76.5
76.5
76.5
78.5
72.5
66.5
72.5
78.79
78.8