(75000, 46) -- 18.356978
(750000, 46) -- 192.670581
(1000000, 46) -- 618.862233
(75000, 46) -- 18.553515
(750000, 46) -- 180.72164
(100000, 46) -- 52.953213
(1250000, 46) -- 720.205265
(1500000, 46) -- 356.498408
(1750000, 46) -- 921.490896
(70, 46) -- 0.052623
(10, 10) -- 0.005105
(100, 360) -- 0.517479
(1000, 360) -- 4.412617
(10000, 360) -- 44.112772
(20000, 360) -- 87.651611
(30000, 360) -- 58.805612
(40000, 360) -- 167.159927
(50000, 360) -- 237.091685
(60000, 360) -- 123.327039
(70000, 360) -- 334.367353
(80000, 360) -- 399.946703
(90000, 360) -- 164.698568
(100000, 360) -- 501.310594
(30000, 360) -- 57.995424
(30, 360) -- 0.112525
(100, 512) -- 0.793186
(500, 512) -- 3.173812
(1000, 512) -- 6.152463
(1500, 512) -- 3.89766
(2000, 512) -- 12.712564
(2500, 512) -- 16.933651
(3000, 512) -- 9.035534
(3500, 512) -- 20.90155
(4000, 512) -- 27.03903
(4500, 512) -- 11.775304
(5000, 512) -- 31.529796
(5500, 512) -- 36.875178
(6000, 512) -- 15.457823
(6500, 512) -- 39.290479
(7000, 512) -- 43.367522
(2205, 10) -- 0.139258
(2205, 100) -- 1.222756
(2205, 500) -- 6.005012
(2205, 1000) -- 11.544502
(2205, 5000) -- 59.100715
(2205, 10000) -- 121.104766
(2205, 5000) -- 61.136504
(2205, 15000) -- 175.233837
(2205, 20000) -- 235.514687
(2205, 25000) -- 290.906514
(2205, 30000) -- 374.161738
(2205, 35000) -- 453.132052
(2205, 40000) -- 476.864742
(750000, 46) -- 194.587989
(100, 100) -- 0.14061
