(3000, 512) -- 8.465483
(3500, 512) -- 9.493127
(4000, 512) -- 11.01789
(4500, 512) -- 12.248286
(5000, 512) -- 14.037998
(5500, 512) -- 14.767079
(6000, 512) -- 15.993674
(6500, 512) -- 17.15396
(7000, 512) -- 18.452174
(100, 360) -- 0.251176
(1000, 360) -- 2.327109
(10000, 360) -- 23.460168
(20000, 360) -- 49.475611
(30000, 360) -- 65.571634
(40000, 360) -- 108.647074
(50000, 360) -- 113.328861
(60000, 360) -- 167.22965
(70000, 360) -- 156.566228
(80000, 360) -- 173.521481
(90000, 360) -- 252.501765
(100000, 360) -- 273.043904
(10, 360) -- 0.039074
(10, 10) -- 0.01953
(100, 46) -- 0.157629
(1000, 46) -- 1.836892
(10000, 46) -- 14.808652
(25000, 46) -- 34.876109
(50000, 46) -- 72.5919
(75000, 46) -- 107.982077
(100000, 46) -- 146.026089
(250000, 46) -- 368.562424
(500000, 46) -- 914.583949
(750000, 46) -- 1297.345111
(1000000, 46) -- 1788.672448
(100, 10) -- 0.182625
